resolution_m: 0.100000
numberofangles: 4
totalnumberofprimitives: 9
primID: 0
startangle_c: 0
endpose_c: 1 0 0
additionalactioncostmult: 1
intermediateposes: 10
0.0000 0.0000 0.0000
0.0111 0.0000 0.0000
0.0222 0.0000 0.0000
0.0333 0.0000 0.0000
0.0444 0.0000 0.0000
0.0556 0.0000 0.0000
0.0667 0.0000 0.0000
0.0778 0.0000 0.0000
0.0889 0.0000 0.0000
0.1000 0.0000 0.0000
primID: 1
startangle_c: 1
endpose_c: 0 1 1
additionalactioncostmult: 1
intermediateposes: 10
0.0000 0.0000 1.570796
0.0000 0.0111 1.570796
0.0000 0.0222 1.570796
0.0000 0.0333 1.570796
0.0000 0.0444 1.570796
0.0000 0.0556 1.570796
0.0000 0.0667 1.570796
0.0000 0.0778 1.570796
0.0000 0.0889 1.570796
0.0000 0.1000 1.570796
primID: 2
startangle_c: 2
endpose_c: -1 0 2
additionalactioncostmult: 1
intermediateposes: 10
0.0000 0.0000 3.141593
-0.0111 0.0000 3.141593
-0.0222 0.0000 3.141593
-0.0333 0.0000 3.141593
-0.0444 0.0000 3.141593
-0.0556 0.0000 3.141593
-0.0667 0.0000 3.141593
-0.0778 0.0000 3.141593
-0.0889 0.0000 3.141593
-0.1000 0.0000 3.141593
primID: 3
startangle_c: 3
endpose_c: 0 -1 3
additionalactioncostmult: 1
intermediateposes: 10
0.0000 0.0000 4.712389
0.0000 -0.0111 4.712389
0.0000 -0.0222 4.712389
0.0000 -0.0333 4.712389
0.0000 -0.0444 4.712389
0.0000 -0.0556 4.712389
0.0000 -0.0667 4.712389
0.0000 -0.0778 4.712389
0.0000 -0.0889 4.712389
0.0000 -0.1000 4.712389
primID: 4
startangle_c: 0
endpose_c: 0 0 1
additionalactioncostmult: 500
intermediateposes: 10
0.0000 0.0000 0.0000
0.0000 0.0000 0.174533
0.0000 0.0000 0.349066
0.0000 0.0000 0.523599
0.0000 0.0000 0.698132
0.0000 0.0000 0.872665
0.0000 0.0000 1.047198
0.0000 0.0000 1.221731
0.0000 0.0000 1.396264
0.0000 0.0000 1.570796
primID: 5
startangle_c: 1
endpose_c: 0 0 2
additionalactioncostmult: 500
intermediateposes: 10
0.0000 0.0000 1.570796
0.0000 0.0000 1.745329
0.0000 0.0000 1.919862
0.0000 0.0000 2.094395
0.0000 0.0000 2.268928
0.0000 0.0000 2.443461
0.0000 0.0000 2.617994
0.0000 0.0000 2.792527
0.0000 0.0000 2.96706
0.0000 0.0000 3.141593
primID: 6
startangle_c: 1
endpose_c: 0 0 0
additionalactioncostmult: 500
intermediateposes: 10
0.0000 0.0000 1.570796
0.0000 0.0000 1.396263
0.0000 0.0000 1.221731
0.0000 0.0000 1.047198
0.0000 0.0000 0.872665
0.0000 0.0000 0.698132
0.0000 0.0000 0.523599
0.0000 0.0000 0.349066
0.0000 0.0000 0.174533
0.0000 0.0000 0.0000
primID: 7
startangle_c: 2
endpose_c: 0 0 3
additionalactioncostmult: 500
intermediateposes: 10
0.0000 0.0000 3.141593
0.0000 0.0000 3.316126
0.0000 0.0000 3.490659
0.0000 0.0000 3.665191
0.0000 0.0000 3.839724
0.0000 0.0000 4.014257
0.0000 0.0000 4.18879
0.0000 0.0000 4.363323
0.0000 0.0000 4.537856
0.0000 0.0000 4.712389
primID: 8
startangle_c: 3
endpose_c: 0 0 0
additionalactioncostmult: 500
intermediateposes: 10
0.0000 0.0000 4.712389
0.0000 0.0000 4.886922
0.0000 0.0000 5.061455
0.0000 0.0000 5.235988
0.0000 0.0000 5.410521
0.0000 0.0000 5.585054
0.0000 0.0000 5.759587
0.0000 0.0000 5.934119
0.0000 0.0000 6.108652
0.0000 0.0000 0.0000