0.1 0.1 0.0
0.1111 0.1 0.0
0.1222 0.1 0.0
0.1333 0.1 0.0
0.1444 0.1 0.0
0.15560000000000002 0.1 0.0
0.16670000000000001 0.1 0.0
0.1778 0.1 0.0
0.1889 0.1 0.0
0.2 0.1 0.0
0.2 0.1 0.0
0.2111 0.1 0.0
0.2222 0.1 0.0
0.2333 0.1 0.0
0.2444 0.1 0.0
0.2556 0.1 0.0
0.2667 0.1 0.0
0.2778 0.1 0.0
0.28890000000000005 0.1 0.0
0.30000000000000004 0.1 0.0
0.30000000000000004 0.1 0.0
0.31110000000000004 0.1 0.0
0.32220000000000004 0.1 0.0
0.33330000000000004 0.1 0.0
0.34440000000000004 0.1 0.0
0.3556 0.1 0.0
0.3667 0.1 0.0
0.3778 0.1 0.0
0.3889 0.1 0.0
0.4 0.1 0.0
0.4 0.1 0.0
0.4111 0.1 0.0
0.4222 0.1 0.0
0.4333 0.1 0.0
0.4444 0.1 0.0
0.4556 0.1 0.0
0.4667 0.1 0.0
0.4778 0.1 0.0
0.4889 0.1 0.0
0.5 0.1 0.0
0.5 0.1 0.0
0.5111 0.1 0.0
0.5222 0.1 0.0
0.5333 0.1 0.0
0.5444 0.1 0.0
0.5556 0.1 0.0
0.5667 0.1 0.0
0.5778 0.1 0.0
0.5889 0.1 0.0
0.6 0.1 0.0
0.6 0.1 0.0
0.6111 0.1 0.0
0.6222 0.1 0.0
0.6333 0.1 0.0
0.6444 0.1 0.0
0.6556 0.1 0.0
0.6667 0.1 0.0
0.6778 0.1 0.0
0.6889 0.1 0.0
0.7 0.1 0.0
0.7 0.1 0.0
0.7111 0.1 0.0
0.7222 0.1 0.0
0.7333 0.1 0.0
0.7444 0.1 0.0
0.7555999999999999 0.1 0.0
0.7666999999999999 0.1 0.0
0.7777999999999999 0.1 0.0
0.7888999999999999 0.1 0.0
0.7999999999999999 0.1 0.0
0.7999999999999999 0.1 0.0
0.8110999999999999 0.1 0.0
0.8221999999999999 0.1 0.0
0.8332999999999999 0.1 0.0
0.8443999999999999 0.1 0.0
0.8555999999999999 0.1 0.0
0.8666999999999999 0.1 0.0
0.8777999999999999 0.1 0.0
0.8888999999999999 0.1 0.0
0.8999999999999999 0.1 0.0
0.8999999999999999 0.1 0.0
0.9110999999999999 0.1 0.0
0.9221999999999999 0.1 0.0
0.9332999999999999 0.1 0.0
0.9443999999999999 0.1 0.0
0.9555999999999999 0.1 0.0
0.9666999999999999 0.1 0.0
0.9777999999999999 0.1 0.0
0.9888999999999999 0.1 0.0
0.9999999999999999 0.1 0.0
0.9999999999999999 0.1 0.0
1.0110999999999999 0.1 0.0
1.0222 0.1 0.0
1.0332999999999999 0.1 0.0
1.0444 0.1 0.0
1.0555999999999999 0.1 0.0
1.0667 0.1 0.0
1.0777999999999999 0.1 0.0
1.0889 0.1 0.0
1.0999999999999999 0.1 0.0
1.0999999999999999 0.1 0.0
1.1111 0.1 0.0
1.1221999999999999 0.1 0.0
1.1333 0.1 0.0
1.1443999999999999 0.1 0.0
1.1556 0.1 0.0
1.1666999999999998 0.1 0.0
1.1778 0.1 0.0
1.1888999999999998 0.1 0.0
1.2 0.1 0.0
1.2 0.1 0.0
1.2111 0.1 0.0
1.2222 0.1 0.0
1.2333 0.1 0.0
1.2444 0.1 0.0
1.2556 0.1 0.0
1.2667 0.1 0.0
1.2778 0.1 0.0
1.2889 0.1 0.0
1.3 0.1 0.0
1.3 0.1 0.0
1.3111000000000002 0.1 0.0
1.3222 0.1 0.0
1.3333000000000002 0.1 0.0
1.3444 0.1 0.0
1.3556000000000001 0.1 0.0
1.3667 0.1 0.0
1.3778000000000001 0.1 0.0
1.3889 0.1 0.0
1.4000000000000001 0.1 0.0
1.4000000000000001 0.1 0.0
1.4111000000000002 0.1 0.0
1.4222000000000001 0.1 0.0
1.4333000000000002 0.1 0.0
1.4444000000000001 0.1 0.0
1.4556000000000002 0.1 0.0
1.4667000000000001 0.1 0.0
1.4778000000000002 0.1 0.0
1.4889000000000001 0.1 0.0
1.5000000000000002 0.1 0.0
1.5000000000000002 0.1 0.0
1.5111000000000003 0.1 0.0
1.5222000000000002 0.1 0.0
1.5333000000000003 0.1 0.0
1.5444000000000002 0.1 0.0
1.5556000000000003 0.1 0.0
1.5667000000000002 0.1 0.0
1.5778000000000003 0.1 0.0
1.5889000000000002 0.1 0.0
1.6000000000000003 0.1 0.0
1.6000000000000003 0.1 0.0
1.6111000000000004 0.1 0.0
1.6222000000000003 0.1 0.0
1.6333000000000004 0.1 0.0
1.6444000000000003 0.1 0.0
1.6556000000000004 0.1 0.0
1.6667000000000003 0.1 0.0
1.6778000000000004 0.1 0.0
1.6889000000000003 0.1 0.0
1.7000000000000004 0.1 0.0
1.7000000000000004 0.1 0.0
1.7111000000000005 0.1 0.0
1.7222000000000004 0.1 0.0
1.7333000000000005 0.1 0.0
1.7444000000000004 0.1 0.0
1.7556000000000005 0.1 0.0
1.7667000000000004 0.1 0.0
1.7778000000000005 0.1 0.0
1.7889000000000004 0.1 0.0
1.8000000000000005 0.1 0.0
1.8000000000000005 0.1 0.0
1.8111000000000006 0.1 0.0
1.8222000000000005 0.1 0.0
1.8333000000000006 0.1 0.0
1.8444000000000005 0.1 0.0
1.8556000000000006 0.1 0.0
1.8667000000000005 0.1 0.0
1.8778000000000006 0.1 0.0
1.8889000000000005 0.1 0.0
1.9000000000000006 0.1 0.0
1.9000000000000006 0.1 0.0
1.9111000000000007 0.1 0.0
1.9222000000000006 0.1 0.0
1.9333000000000007 0.1 0.0
1.9444000000000006 0.1 0.0
1.9556000000000007 0.1 0.0
1.9667000000000006 0.1 0.0
1.9778000000000007 0.1 0.0
1.9889000000000006 0.1 0.0
2.0000000000000004 0.1 0.0
2.0000000000000004 0.1 0.0
2.0111000000000003 0.1 0.0
2.0222000000000007 0.1 0.0
2.0333000000000006 0.1 0.0
2.0444000000000004 0.1 0.0
2.0556000000000005 0.1 0.0
2.0667000000000004 0.1 0.0
2.0778000000000003 0.1 0.0
2.0889000000000006 0.1 0.0
2.1000000000000005 0.1 0.0
2.1000000000000005 0.1 0.0
2.1111000000000004 0.1 0.0
2.1222000000000008 0.1 0.0
2.1333000000000006 0.1 0.0
2.1444000000000005 0.1 0.0
2.1556000000000006 0.1 0.0
2.1667000000000005 0.1 0.0
2.1778000000000004 0.1 0.0
2.1889000000000007 0.1 0.0
2.2000000000000006 0.1 0.0
2.2000000000000006 0.1 0.0
2.2111000000000005 0.1 0.0
2.222200000000001 0.1 0.0
2.2333000000000007 0.1 0.0
2.2444000000000006 0.1 0.0
2.2556000000000007 0.1 0.0
2.2667000000000006 0.1 0.0
2.2778000000000005 0.1 0.0
2.288900000000001 0.1 0.0
2.3000000000000007 0.1 0.0
2.3000000000000007 0.1 0.0
2.3111000000000006 0.1 0.0
2.322200000000001 0.1 0.0
2.333300000000001 0.1 0.0
2.3444000000000007 0.1 0.0
2.355600000000001 0.1 0.0
2.3667000000000007 0.1 0.0
2.3778000000000006 0.1 0.0
2.388900000000001 0.1 0.0
2.400000000000001 0.1 0.0
2.400000000000001 0.1 0.0
2.4111000000000007 0.1 0.0
2.422200000000001 0.1 0.0
2.433300000000001 0.1 0.0
2.444400000000001 0.1 0.0
2.455600000000001 0.1 0.0
2.466700000000001 0.1 0.0
2.4778000000000007 0.1 0.0
2.488900000000001 0.1 0.0
2.500000000000001 0.1 0.0
2.500000000000001 0.1 0.0
2.5111000000000008 0.1 0.0
2.522200000000001 0.1 0.0
2.533300000000001 0.1 0.0
2.544400000000001 0.1 0.0
2.555600000000001 0.1 0.0
2.566700000000001 0.1 0.0
2.5778000000000008 0.1 0.0
2.588900000000001 0.1 0.0
2.600000000000001 0.1 0.0
2.600000000000001 0.1 0.0
2.611100000000001 0.1 0.0
2.622200000000001 0.1 0.0
2.633300000000001 0.1 0.0
2.644400000000001 0.1 0.0
2.655600000000001 0.1 0.0
2.666700000000001 0.1 0.0
2.677800000000001 0.1 0.0
2.688900000000001 0.1 0.0
2.700000000000001 0.1 0.0
2.700000000000001 0.1 0.0
2.711100000000001 0.1 0.0
2.7222000000000013 0.1 0.0
2.733300000000001 0.1 0.0
2.744400000000001 0.1 0.0
2.755600000000001 0.1 0.0
2.766700000000001 0.1 0.0
2.777800000000001 0.1 0.0
2.7889000000000013 0.1 0.0
2.800000000000001 0.1 0.0
2.800000000000001 0.1 0.0
2.811100000000001 0.1 0.0
2.8222000000000014 0.1 0.0
2.8333000000000013 0.1 0.0
2.844400000000001 0.1 0.0
2.8556000000000012 0.1 0.0
2.866700000000001 0.1 0.0
2.877800000000001 0.1 0.0
2.8889000000000014 0.1 0.0
2.9000000000000012 0.1 0.0
2.9000000000000012 0.1 0.0
2.911100000000001 0.1 0.0
2.9222000000000015 0.1 0.0
2.9333000000000014 0.1 0.0
2.9444000000000012 0.1 0.0
2.9556000000000013 0.1 0.0
2.9667000000000012 0.1 0.0
2.977800000000001 0.1 0.0
2.9889000000000014 0.1 0.0
3.0000000000000013 0.1 0.0
3.0000000000000013 0.1 0.0
3.011100000000001 0.1 0.0
3.0222000000000016 0.1 0.0
3.0333000000000014 0.1 0.0
3.0444000000000013 0.1 0.0
3.0556000000000014 0.1 0.0
3.0667000000000013 0.1 0.0
3.077800000000001 0.1 0.0
3.0889000000000015 0.1 0.0
3.1000000000000014 0.1 0.0
3.1000000000000014 0.1 0.0
3.1111000000000013 0.1 0.0
3.1222000000000016 0.1 0.0
3.1333000000000015 0.1 0.0
3.1444000000000014 0.1 0.0
3.1556000000000015 0.1 0.0
3.1667000000000014 0.1 0.0
3.1778000000000013 0.1 0.0
3.1889000000000016 0.1 0.0
3.2000000000000015 0.1 0.0
3.2000000000000015 0.1 0.0
3.2000000000000015 0.1 0.174533
3.2000000000000015 0.1 0.349066
3.2000000000000015 0.1 0.523599
3.2000000000000015 0.1 0.698132
3.2000000000000015 0.1 0.872665
3.2000000000000015 0.1 1.047198
3.2000000000000015 0.1 1.221731
3.2000000000000015 0.1 1.396264
3.2000000000000015 0.1 1.570796
3.2000000000000015 0.1 1.570796
3.2000000000000015 0.1111 1.570796
3.2000000000000015 0.1222 1.570796
3.2000000000000015 0.1333 1.570796
3.2000000000000015 0.1444 1.570796
3.2000000000000015 0.15560000000000002 1.570796
3.2000000000000015 0.16670000000000001 1.570796
3.2000000000000015 0.1778 1.570796
3.2000000000000015 0.1889 1.570796
3.2000000000000015 0.2 1.570796
3.2000000000000015 0.2 1.570796
3.2000000000000015 0.2111 1.570796
3.2000000000000015 0.2222 1.570796
3.2000000000000015 0.2333 1.570796
3.2000000000000015 0.2444 1.570796
3.2000000000000015 0.2556 1.570796
3.2000000000000015 0.2667 1.570796
3.2000000000000015 0.2778 1.570796
3.2000000000000015 0.28890000000000005 1.570796
3.2000000000000015 0.30000000000000004 1.570796
3.2000000000000015 0.30000000000000004 1.570796
3.2000000000000015 0.31110000000000004 1.570796
3.2000000000000015 0.32220000000000004 1.570796
3.2000000000000015 0.33330000000000004 1.570796
3.2000000000000015 0.34440000000000004 1.570796
3.2000000000000015 0.3556 1.570796
3.2000000000000015 0.3667 1.570796
3.2000000000000015 0.3778 1.570796
3.2000000000000015 0.3889 1.570796
3.2000000000000015 0.4 1.570796
3.2000000000000015 0.4 1.570796
3.2000000000000015 0.4111 1.570796
3.2000000000000015 0.4222 1.570796
3.2000000000000015 0.4333 1.570796
3.2000000000000015 0.4444 1.570796
3.2000000000000015 0.4556 1.570796
3.2000000000000015 0.4667 1.570796
3.2000000000000015 0.4778 1.570796
3.2000000000000015 0.4889 1.570796
3.2000000000000015 0.5 1.570796
3.2000000000000015 0.5 1.570796
3.2000000000000015 0.5111 1.570796
3.2000000000000015 0.5222 1.570796
3.2000000000000015 0.5333 1.570796
3.2000000000000015 0.5444 1.570796
3.2000000000000015 0.5556 1.570796
3.2000000000000015 0.5667 1.570796
3.2000000000000015 0.5778 1.570796
3.2000000000000015 0.5889 1.570796
3.2000000000000015 0.6 1.570796
3.2000000000000015 0.6 1.570796
3.2000000000000015 0.6111 1.570796
3.2000000000000015 0.6222 1.570796
3.2000000000000015 0.6333 1.570796
3.2000000000000015 0.6444 1.570796
3.2000000000000015 0.6556 1.570796
3.2000000000000015 0.6667 1.570796
3.2000000000000015 0.6778 1.570796
3.2000000000000015 0.6889 1.570796
3.2000000000000015 0.7 1.570796
3.2000000000000015 0.7 1.570796
3.2000000000000015 0.7111 1.570796
3.2000000000000015 0.7222 1.570796
3.2000000000000015 0.7333 1.570796
3.2000000000000015 0.7444 1.570796
3.2000000000000015 0.7555999999999999 1.570796
3.2000000000000015 0.7666999999999999 1.570796
3.2000000000000015 0.7777999999999999 1.570796
3.2000000000000015 0.7888999999999999 1.570796
3.2000000000000015 0.7999999999999999 1.570796
3.2000000000000015 0.7999999999999999 1.570796
3.2000000000000015 0.8110999999999999 1.570796
3.2000000000000015 0.8221999999999999 1.570796
3.2000000000000015 0.8332999999999999 1.570796
3.2000000000000015 0.8443999999999999 1.570796
3.2000000000000015 0.8555999999999999 1.570796
3.2000000000000015 0.8666999999999999 1.570796
3.2000000000000015 0.8777999999999999 1.570796
3.2000000000000015 0.8888999999999999 1.570796
3.2000000000000015 0.8999999999999999 1.570796
3.2000000000000015 0.8999999999999999 1.570796
3.2000000000000015 0.9110999999999999 1.570796
3.2000000000000015 0.9221999999999999 1.570796
3.2000000000000015 0.9332999999999999 1.570796
3.2000000000000015 0.9443999999999999 1.570796
3.2000000000000015 0.9555999999999999 1.570796
3.2000000000000015 0.9666999999999999 1.570796
3.2000000000000015 0.9777999999999999 1.570796
3.2000000000000015 0.9888999999999999 1.570796
3.2000000000000015 0.9999999999999999 1.570796
3.2000000000000015 0.9999999999999999 1.570796
3.2000000000000015 1.0110999999999999 1.570796
3.2000000000000015 1.0222 1.570796
3.2000000000000015 1.0332999999999999 1.570796
3.2000000000000015 1.0444 1.570796
3.2000000000000015 1.0555999999999999 1.570796
3.2000000000000015 1.0667 1.570796
3.2000000000000015 1.0777999999999999 1.570796
3.2000000000000015 1.0889 1.570796
3.2000000000000015 1.0999999999999999 1.570796
3.2000000000000015 1.0999999999999999 1.570796
3.2000000000000015 1.1111 1.570796
3.2000000000000015 1.1221999999999999 1.570796
3.2000000000000015 1.1333 1.570796
3.2000000000000015 1.1443999999999999 1.570796
3.2000000000000015 1.1556 1.570796
3.2000000000000015 1.1666999999999998 1.570796
3.2000000000000015 1.1778 1.570796
3.2000000000000015 1.1888999999999998 1.570796
3.2000000000000015 1.2 1.570796
3.2000000000000015 1.2 1.570796
3.2000000000000015 1.2111 1.570796
3.2000000000000015 1.2222 1.570796
3.2000000000000015 1.2333 1.570796
3.2000000000000015 1.2444 1.570796
3.2000000000000015 1.2556 1.570796
3.2000000000000015 1.2667 1.570796
3.2000000000000015 1.2778 1.570796
3.2000000000000015 1.2889 1.570796
3.2000000000000015 1.3 1.570796
3.2000000000000015 1.3 1.570796
3.2000000000000015 1.3111000000000002 1.570796
3.2000000000000015 1.3222 1.570796
3.2000000000000015 1.3333000000000002 1.570796
3.2000000000000015 1.3444 1.570796
3.2000000000000015 1.3556000000000001 1.570796
3.2000000000000015 1.3667 1.570796
3.2000000000000015 1.3778000000000001 1.570796
3.2000000000000015 1.3889 1.570796
3.2000000000000015 1.4000000000000001 1.570796
3.2000000000000015 1.4000000000000001 1.570796
3.2000000000000015 1.4111000000000002 1.570796
3.2000000000000015 1.4222000000000001 1.570796
3.2000000000000015 1.4333000000000002 1.570796
3.2000000000000015 1.4444000000000001 1.570796
3.2000000000000015 1.4556000000000002 1.570796
3.2000000000000015 1.4667000000000001 1.570796
3.2000000000000015 1.4778000000000002 1.570796
3.2000000000000015 1.4889000000000001 1.570796
3.2000000000000015 1.5000000000000002 1.570796
3.2000000000000015 1.5000000000000002 1.570796
3.2000000000000015 1.5111000000000003 1.570796
3.2000000000000015 1.5222000000000002 1.570796
3.2000000000000015 1.5333000000000003 1.570796
3.2000000000000015 1.5444000000000002 1.570796
3.2000000000000015 1.5556000000000003 1.570796
3.2000000000000015 1.5667000000000002 1.570796
3.2000000000000015 1.5778000000000003 1.570796
3.2000000000000015 1.5889000000000002 1.570796
3.2000000000000015 1.6000000000000003 1.570796
3.2000000000000015 1.6000000000000003 1.570796
3.2000000000000015 1.6111000000000004 1.570796
3.2000000000000015 1.6222000000000003 1.570796
3.2000000000000015 1.6333000000000004 1.570796
3.2000000000000015 1.6444000000000003 1.570796
3.2000000000000015 1.6556000000000004 1.570796
3.2000000000000015 1.6667000000000003 1.570796
3.2000000000000015 1.6778000000000004 1.570796
3.2000000000000015 1.6889000000000003 1.570796
3.2000000000000015 1.7000000000000004 1.570796
3.2000000000000015 1.7000000000000004 1.570796
3.2000000000000015 1.7111000000000005 1.570796
3.2000000000000015 1.7222000000000004 1.570796
3.2000000000000015 1.7333000000000005 1.570796
3.2000000000000015 1.7444000000000004 1.570796
3.2000000000000015 1.7556000000000005 1.570796
3.2000000000000015 1.7667000000000004 1.570796
3.2000000000000015 1.7778000000000005 1.570796
3.2000000000000015 1.7889000000000004 1.570796
3.2000000000000015 1.8000000000000005 1.570796
3.2000000000000015 1.8000000000000005 1.570796
3.2000000000000015 1.8111000000000006 1.570796
3.2000000000000015 1.8222000000000005 1.570796
3.2000000000000015 1.8333000000000006 1.570796
3.2000000000000015 1.8444000000000005 1.570796
3.2000000000000015 1.8556000000000006 1.570796
3.2000000000000015 1.8667000000000005 1.570796
3.2000000000000015 1.8778000000000006 1.570796
3.2000000000000015 1.8889000000000005 1.570796
3.2000000000000015 1.9000000000000006 1.570796
3.2000000000000015 1.9000000000000006 1.570796
3.2000000000000015 1.9111000000000007 1.570796
3.2000000000000015 1.9222000000000006 1.570796
3.2000000000000015 1.9333000000000007 1.570796
3.2000000000000015 1.9444000000000006 1.570796
3.2000000000000015 1.9556000000000007 1.570796
3.2000000000000015 1.9667000000000006 1.570796
3.2000000000000015 1.9778000000000007 1.570796
3.2000000000000015 1.9889000000000006 1.570796
3.2000000000000015 2.0000000000000004 1.570796
3.2000000000000015 2.0000000000000004 1.570796
3.2000000000000015 2.0111000000000003 1.570796
3.2000000000000015 2.0222000000000007 1.570796
3.2000000000000015 2.0333000000000006 1.570796
3.2000000000000015 2.0444000000000004 1.570796
3.2000000000000015 2.0556000000000005 1.570796
3.2000000000000015 2.0667000000000004 1.570796
3.2000000000000015 2.0778000000000003 1.570796
3.2000000000000015 2.0889000000000006 1.570796
3.2000000000000015 2.1000000000000005 1.570796
3.2000000000000015 2.1000000000000005 1.570796
3.2000000000000015 2.1111000000000004 1.570796
3.2000000000000015 2.1222000000000008 1.570796
3.2000000000000015 2.1333000000000006 1.570796
3.2000000000000015 2.1444000000000005 1.570796
3.2000000000000015 2.1556000000000006 1.570796
3.2000000000000015 2.1667000000000005 1.570796
3.2000000000000015 2.1778000000000004 1.570796
3.2000000000000015 2.1889000000000007 1.570796
3.2000000000000015 2.2000000000000006 1.570796
3.2000000000000015 2.2000000000000006 1.570796
3.2000000000000015 2.2111000000000005 1.570796
3.2000000000000015 2.222200000000001 1.570796
3.2000000000000015 2.2333000000000007 1.570796
3.2000000000000015 2.2444000000000006 1.570796
3.2000000000000015 2.2556000000000007 1.570796
3.2000000000000015 2.2667000000000006 1.570796
3.2000000000000015 2.2778000000000005 1.570796
3.2000000000000015 2.288900000000001 1.570796
3.2000000000000015 2.3000000000000007 1.570796
3.2000000000000015 2.3000000000000007 1.570796
3.2000000000000015 2.3111000000000006 1.570796
3.2000000000000015 2.322200000000001 1.570796
3.2000000000000015 2.333300000000001 1.570796
3.2000000000000015 2.3444000000000007 1.570796
3.2000000000000015 2.355600000000001 1.570796
3.2000000000000015 2.3667000000000007 1.570796
3.2000000000000015 2.3778000000000006 1.570796
3.2000000000000015 2.388900000000001 1.570796
3.2000000000000015 2.400000000000001 1.570796
3.2000000000000015 2.400000000000001 1.570796
3.2000000000000015 2.4111000000000007 1.570796
3.2000000000000015 2.422200000000001 1.570796
3.2000000000000015 2.433300000000001 1.570796
3.2000000000000015 2.444400000000001 1.570796
3.2000000000000015 2.455600000000001 1.570796
3.2000000000000015 2.466700000000001 1.570796
3.2000000000000015 2.4778000000000007 1.570796
3.2000000000000015 2.488900000000001 1.570796
3.2000000000000015 2.500000000000001 1.570796
3.2000000000000015 2.500000000000001 1.570796
3.2000000000000015 2.5111000000000008 1.570796
3.2000000000000015 2.522200000000001 1.570796
3.2000000000000015 2.533300000000001 1.570796
3.2000000000000015 2.544400000000001 1.570796
3.2000000000000015 2.555600000000001 1.570796
3.2000000000000015 2.566700000000001 1.570796
3.2000000000000015 2.5778000000000008 1.570796
3.2000000000000015 2.588900000000001 1.570796
3.2000000000000015 2.600000000000001 1.570796
3.2000000000000015 2.600000000000001 1.570796
3.2000000000000015 2.611100000000001 1.570796
3.2000000000000015 2.622200000000001 1.570796
3.2000000000000015 2.633300000000001 1.570796
3.2000000000000015 2.644400000000001 1.570796
3.2000000000000015 2.655600000000001 1.570796
3.2000000000000015 2.666700000000001 1.570796
3.2000000000000015 2.677800000000001 1.570796
3.2000000000000015 2.688900000000001 1.570796
3.2000000000000015 2.700000000000001 1.570796
3.2000000000000015 2.700000000000001 1.570796
3.2000000000000015 2.711100000000001 1.570796
3.2000000000000015 2.7222000000000013 1.570796
3.2000000000000015 2.733300000000001 1.570796
3.2000000000000015 2.744400000000001 1.570796
3.2000000000000015 2.755600000000001 1.570796
3.2000000000000015 2.766700000000001 1.570796
3.2000000000000015 2.777800000000001 1.570796
3.2000000000000015 2.7889000000000013 1.570796
3.2000000000000015 2.800000000000001 1.570796
3.2000000000000015 2.800000000000001 1.570796
3.2000000000000015 2.811100000000001 1.570796
3.2000000000000015 2.8222000000000014 1.570796
3.2000000000000015 2.8333000000000013 1.570796
3.2000000000000015 2.844400000000001 1.570796
3.2000000000000015 2.8556000000000012 1.570796
3.2000000000000015 2.866700000000001 1.570796
3.2000000000000015 2.877800000000001 1.570796
3.2000000000000015 2.8889000000000014 1.570796
3.2000000000000015 2.9000000000000012 1.570796
3.2000000000000015 2.9000000000000012 1.570796
3.2000000000000015 2.911100000000001 1.570796
3.2000000000000015 2.9222000000000015 1.570796
3.2000000000000015 2.9333000000000014 1.570796
3.2000000000000015 2.9444000000000012 1.570796
3.2000000000000015 2.9556000000000013 1.570796
3.2000000000000015 2.9667000000000012 1.570796
3.2000000000000015 2.977800000000001 1.570796
3.2000000000000015 2.9889000000000014 1.570796
3.2000000000000015 3.0000000000000013 1.570796
3.2000000000000015 3.0000000000000013 1.570796
3.2000000000000015 3.011100000000001 1.570796
3.2000000000000015 3.0222000000000016 1.570796
3.2000000000000015 3.0333000000000014 1.570796
3.2000000000000015 3.0444000000000013 1.570796
3.2000000000000015 3.0556000000000014 1.570796
3.2000000000000015 3.0667000000000013 1.570796
3.2000000000000015 3.077800000000001 1.570796
3.2000000000000015 3.0889000000000015 1.570796
3.2000000000000015 3.1000000000000014 1.570796
3.2000000000000015 3.1000000000000014 1.570796
3.2000000000000015 3.1111000000000013 1.570796
3.2000000000000015 3.1222000000000016 1.570796
3.2000000000000015 3.1333000000000015 1.570796
3.2000000000000015 3.1444000000000014 1.570796
3.2000000000000015 3.1556000000000015 1.570796
3.2000000000000015 3.1667000000000014 1.570796
3.2000000000000015 3.1778000000000013 1.570796
3.2000000000000015 3.1889000000000016 1.570796
3.2000000000000015 3.2000000000000015 1.570796
3.2000000000000015 3.2000000000000015 1.570796
3.2000000000000015 3.2111000000000014 1.570796
3.2000000000000015 3.2222000000000017 1.570796
3.2000000000000015 3.2333000000000016 1.570796
3.2000000000000015 3.2444000000000015 1.570796
3.2000000000000015 3.2556000000000016 1.570796
3.2000000000000015 3.2667000000000015 1.570796
3.2000000000000015 3.2778000000000014 1.570796
3.2000000000000015 3.2889000000000017 1.570796
3.2000000000000015 3.3000000000000016 1.570796
3.2000000000000015 3.3000000000000016 1.570796
3.2000000000000015 3.3111000000000015 1.570796
3.2000000000000015 3.322200000000002 1.570796
3.2000000000000015 3.3333000000000017 1.570796
3.2000000000000015 3.3444000000000016 1.570796
3.2000000000000015 3.3556000000000017 1.570796
3.2000000000000015 3.3667000000000016 1.570796
3.2000000000000015 3.3778000000000015 1.570796
3.2000000000000015 3.388900000000002 1.570796
3.2000000000000015 3.4000000000000017 1.570796
3.2000000000000015 3.4000000000000017 1.570796
3.2000000000000015 3.4111000000000016 1.570796
3.2000000000000015 3.422200000000002 1.570796
3.2000000000000015 3.433300000000002 1.570796
3.2000000000000015 3.4444000000000017 1.570796
3.2000000000000015 3.455600000000002 1.570796
3.2000000000000015 3.4667000000000017 1.570796
3.2000000000000015 3.4778000000000016 1.570796
3.2000000000000015 3.488900000000002 1.570796
3.2000000000000015 3.5000000000000018 1.570796
3.2000000000000015 3.5000000000000018 1.570796
3.2000000000000015 3.5111000000000017 1.570796
3.2000000000000015 3.522200000000002 1.570796
3.2000000000000015 3.533300000000002 1.570796
3.2000000000000015 3.5444000000000018 1.570796
3.2000000000000015 3.555600000000002 1.570796
3.2000000000000015 3.5667000000000018 1.570796
3.2000000000000015 3.5778000000000016 1.570796
3.2000000000000015 3.588900000000002 1.570796
3.2000000000000015 3.600000000000002 1.570796
3.2000000000000015 3.600000000000002 1.570796
3.2000000000000015 3.6111000000000018 1.570796
3.2000000000000015 3.622200000000002 1.570796
3.2000000000000015 3.633300000000002 1.570796
3.2000000000000015 3.644400000000002 1.570796
3.2000000000000015 3.655600000000002 1.570796
3.2000000000000015 3.666700000000002 1.570796
3.2000000000000015 3.6778000000000017 1.570796
3.2000000000000015 3.688900000000002 1.570796
3.2000000000000015 3.700000000000002 1.570796
3.2000000000000015 3.700000000000002 1.570796
3.2000000000000015 3.711100000000002 1.570796
3.2000000000000015 3.722200000000002 1.570796
3.2000000000000015 3.733300000000002 1.570796
3.2000000000000015 3.744400000000002 1.570796
3.2000000000000015 3.755600000000002 1.570796
3.2000000000000015 3.766700000000002 1.570796
3.2000000000000015 3.777800000000002 1.570796
3.2000000000000015 3.788900000000002 1.570796
3.2000000000000015 3.800000000000002 1.570796
3.2000000000000015 3.800000000000002 1.570796
3.2000000000000015 3.811100000000002 1.570796
3.2000000000000015 3.8222000000000023 1.570796
3.2000000000000015 3.833300000000002 1.570796
3.2000000000000015 3.844400000000002 1.570796
3.2000000000000015 3.855600000000002 1.570796
3.2000000000000015 3.866700000000002 1.570796
3.2000000000000015 3.877800000000002 1.570796
3.2000000000000015 3.8889000000000022 1.570796
3.2000000000000015 3.900000000000002 1.570796
3.2000000000000015 3.900000000000002 1.570796
3.2000000000000015 3.911100000000002 1.570796
3.2000000000000015 3.9222000000000024 1.570796
3.2000000000000015 3.9333000000000022 1.570796
3.2000000000000015 3.944400000000002 1.570796
3.2000000000000015 3.9556000000000022 1.570796
3.2000000000000015 3.966700000000002 1.570796
3.2000000000000015 3.977800000000002 1.570796
3.2000000000000015 3.9889000000000023 1.570796
3.2000000000000015 4.000000000000002 1.570796
3.2000000000000015 4.000000000000002 1.570796
3.2000000000000015 4.011100000000002 1.570796
3.2000000000000015 4.0222000000000016 1.570796
3.2000000000000015 4.033300000000001 1.570796
3.2000000000000015 4.044400000000002 1.570796
3.2000000000000015 4.055600000000002 1.570796
3.2000000000000015 4.066700000000002 1.570796
3.2000000000000015 4.077800000000002 1.570796
3.2000000000000015 4.0889000000000015 1.570796
3.2000000000000015 4.100000000000001 1.570796
3.2000000000000015 4.100000000000001 1.570796
3.2000000000000015 4.111100000000001 1.570796
3.2000000000000015 4.122200000000001 1.570796
3.2000000000000015 4.133300000000001 1.570796
3.2000000000000015 4.144400000000002 1.570796
3.2000000000000015 4.1556000000000015 1.570796
3.2000000000000015 4.166700000000001 1.570796
3.2000000000000015 4.177800000000001 1.570796
3.2000000000000015 4.188900000000001 1.570796
3.2000000000000015 4.200000000000001 1.570796
3.2000000000000015 4.200000000000001 1.570796
3.2000000000000015 4.211100000000001 1.570796
3.2000000000000015 4.222200000000001 1.570796
3.2000000000000015 4.233300000000001 1.570796
3.2000000000000015 4.2444000000000015 1.570796
3.2000000000000015 4.255600000000001 1.570796
3.2000000000000015 4.266700000000001 1.570796
3.2000000000000015 4.277800000000001 1.570796
3.2000000000000015 4.288900000000001 1.570796
3.2000000000000015 4.300000000000001 1.570796
3.2000000000000015 4.300000000000001 1.570796
3.2000000000000015 4.311100000000001 1.570796
3.2000000000000015 4.3222000000000005 1.570796
3.2000000000000015 4.3333 1.570796
3.2000000000000015 4.344400000000001 1.570796
3.2000000000000015 4.355600000000001 1.570796
3.2000000000000015 4.366700000000001 1.570796
3.2000000000000015 4.377800000000001 1.570796
3.2000000000000015 4.3889000000000005 1.570796
3.2000000000000015 4.4 1.570796
3.2000000000000015 4.4 1.570796
3.2000000000000015 4.4111 1.570796
3.2000000000000015 4.4222 1.570796
3.2000000000000015 4.4333 1.570796
3.2000000000000015 4.444400000000001 1.570796
3.2000000000000015 4.4556000000000004 1.570796
3.2000000000000015 4.4667 1.570796
3.2000000000000015 4.4778 1.570796
3.2000000000000015 4.4889 1.570796
3.2000000000000015 4.5 1.570796
3.2000000000000015 4.5 1.570796
3.2000000000000015 4.5111 1.570796
3.2000000000000015 4.5222 1.570796
3.2000000000000015 4.5333 1.570796
3.2000000000000015 4.5444 1.570796
3.2000000000000015 4.5556 1.570796
3.2000000000000015 4.5667 1.570796
3.2000000000000015 4.5778 1.570796
3.2000000000000015 4.5889 1.570796
3.2000000000000015 4.6 1.570796
3.2000000000000015 4.6 1.570796
3.2000000000000015 4.6110999999999995 1.570796
3.2000000000000015 4.622199999999999 1.570796
3.2000000000000015 4.633299999999999 1.570796
3.2000000000000015 4.6444 1.570796
3.2000000000000015 4.6556 1.570796
3.2000000000000015 4.6667 1.570796
3.2000000000000015 4.6777999999999995 1.570796
3.2000000000000015 4.688899999999999 1.570796
3.2000000000000015 4.699999999999999 1.570796
3.2000000000000015 4.699999999999999 1.570796
3.2000000000000015 4.711099999999999 1.570796
3.2000000000000015 4.722199999999999 1.570796
3.2000000000000015 4.733299999999999 1.570796
3.2000000000000015 4.7444 1.570796
3.2000000000000015 4.755599999999999 1.570796
3.2000000000000015 4.766699999999999 1.570796
3.2000000000000015 4.777799999999999 1.570796
3.2000000000000015 4.788899999999999 1.570796
3.2000000000000015 4.799999999999999 1.570796
3.2000000000000015 4.799999999999999 1.570796
3.2000000000000015 4.811099999999999 1.570796
3.2000000000000015 4.822199999999999 1.570796
3.2000000000000015 4.833299999999999 1.570796
3.2000000000000015 4.844399999999999 1.570796
3.2000000000000015 4.855599999999999 1.570796
3.2000000000000015 4.866699999999999 1.570796
3.2000000000000015 4.877799999999999 1.570796
3.2000000000000015 4.888899999999999 1.570796
3.2000000000000015 4.899999999999999 1.570796
3.2000000000000015 4.899999999999999 1.570796
3.2000000000000015 4.9110999999999985 1.570796
3.2000000000000015 4.922199999999998 1.570796
3.2000000000000015 4.933299999999998 1.570796
3.2000000000000015 4.944399999999999 1.570796
3.2000000000000015 4.955599999999999 1.570796
3.2000000000000015 4.966699999999999 1.570796
3.2000000000000015 4.9777999999999984 1.570796
3.2000000000000015 4.988899999999998 1.570796
3.2000000000000015 4.999999999999998 1.570796
3.2000000000000015 4.999999999999998 1.570796
3.2000000000000015 5.011099999999998 1.570796
3.2000000000000015 5.022199999999998 1.570796
3.2000000000000015 5.033299999999998 1.570796
3.2000000000000015 5.044399999999999 1.570796
3.2000000000000015 5.055599999999998 1.570796
3.2000000000000015 5.066699999999998 1.570796
3.2000000000000015 5.077799999999998 1.570796
3.2000000000000015 5.088899999999998 1.570796
3.2000000000000015 5.099999999999998 1.570796
3.2000000000000015 5.099999999999998 1.570796
3.2000000000000015 5.111099999999998 1.570796
3.2000000000000015 5.122199999999998 1.570796
3.2000000000000015 5.1332999999999975 1.570796
3.2000000000000015 5.144399999999998 1.570796
3.2000000000000015 5.155599999999998 1.570796
3.2000000000000015 5.166699999999998 1.570796
3.2000000000000015 5.177799999999998 1.570796
3.2000000000000015 5.188899999999998 1.570796
3.2000000000000015 5.1999999999999975 1.570796
3.2000000000000015 5.1999999999999975 1.570796
3.2000000000000015 5.211099999999997 1.570796
3.2000000000000015 5.222199999999997 1.570796
3.2000000000000015 5.233299999999997 1.570796
3.2000000000000015 5.244399999999998 1.570796
3.2000000000000015 5.255599999999998 1.570796
3.2000000000000015 5.2666999999999975 1.570796
3.2000000000000015 5.277799999999997 1.570796
3.2000000000000015 5.288899999999997 1.570796
3.2000000000000015 5.299999999999997 1.570796
3.2000000000000015 5.299999999999997 1.570796
3.2000000000000015 5.311099999999997 1.570796
3.2000000000000015 5.322199999999997 1.570796
3.2000000000000015 5.333299999999997 1.570796
3.2000000000000015 5.344399999999998 1.570796
3.2000000000000015 5.355599999999997 1.570796
3.2000000000000015 5.366699999999997 1.570796
3.2000000000000015 5.377799999999997 1.570796
3.2000000000000015 5.388899999999997 1.570796
3.2000000000000015 5.399999999999997 1.570796
3.2000000000000015 5.399999999999997 1.570796
3.2000000000000015 5.411099999999997 1.570796
3.2000000000000015 5.422199999999997 1.570796
3.2000000000000015 5.4332999999999965 1.570796
3.2000000000000015 5.444399999999997 1.570796
3.2000000000000015 5.455599999999997 1.570796
3.2000000000000015 5.466699999999997 1.570796
3.2000000000000015 5.477799999999997 1.570796
3.2000000000000015 5.488899999999997 1.570796
3.2000000000000015 5.4999999999999964 1.570796
3.2000000000000015 5.4999999999999964 1.570796
3.2000000000000015 5.511099999999996 1.570796
3.2000000000000015 5.522199999999996 1.570796
3.2000000000000015 5.533299999999996 1.570796
3.2000000000000015 5.544399999999997 1.570796
3.2000000000000015 5.5555999999999965 1.570796
3.2000000000000015 5.566699999999996 1.570796
3.2000000000000015 5.577799999999996 1.570796
3.2000000000000015 5.588899999999996 1.570796
3.2000000000000015 5.599999999999996 1.570796
3.2000000000000015 5.599999999999996 1.570796
3.2000000000000015 5.611099999999996 1.570796
3.2000000000000015 5.622199999999996 1.570796
3.2000000000000015 5.633299999999996 1.570796
3.2000000000000015 5.6443999999999965 1.570796
3.2000000000000015 5.655599999999996 1.570796
3.2000000000000015 5.666699999999996 1.570796
3.2000000000000015 5.677799999999996 1.570796
3.2000000000000015 5.688899999999996 1.570796
3.2000000000000015 5.699999999999996 1.570796
3.2000000000000015 5.699999999999996 1.570796
3.2000000000000015 5.711099999999996 1.570796
3.2000000000000015 5.7221999999999955 1.570796
3.2000000000000015 5.733299999999995 1.570796
3.2000000000000015 5.744399999999996 1.570796
3.2000000000000015 5.755599999999996 1.570796
3.2000000000000015 5.766699999999996 1.570796
3.2000000000000015 5.777799999999996 1.570796
3.2000000000000015 5.7888999999999955 1.570796
3.2000000000000015 5.799999999999995 1.570796
3.2000000000000015 5.799999999999995 1.570796
3.2000000000000015 5.811099999999995 1.570796
3.2000000000000015 5.822199999999995 1.570796
3.2000000000000015 5.833299999999995 1.570796
3.2000000000000015 5.844399999999996 1.570796
3.2000000000000015 5.8555999999999955 1.570796
3.2000000000000015 5.866699999999995 1.570796
3.2000000000000015 5.877799999999995 1.570796
3.2000000000000015 5.888899999999995 1.570796
3.2000000000000015 5.899999999999995 1.570796
3.2000000000000015 5.899999999999995 1.570796
3.2000000000000015 5.911099999999995 1.570796
3.2000000000000015 5.922199999999995 1.570796
3.2000000000000015 5.933299999999995 1.570796
3.2000000000000015 5.9443999999999955 1.570796
3.2000000000000015 5.955599999999995 1.570796
3.2000000000000015 5.966699999999995 1.570796
3.2000000000000015 5.977799999999995 1.570796
3.2000000000000015 5.988899999999995 1.570796
3.2000000000000015 5.999999999999995 1.570796
3.2000000000000015 5.999999999999995 1.570796
3.2000000000000015 6.011099999999995 1.570796
3.2000000000000015 6.0221999999999944 1.570796
3.2000000000000015 6.033299999999994 1.570796
3.2000000000000015 6.044399999999995 1.570796
3.2000000000000015 6.055599999999995 1.570796
3.2000000000000015 6.066699999999995 1.570796
3.2000000000000015 6.0777999999999945 1.570796
3.2000000000000015 6.088899999999994 1.570796
3.2000000000000015 6.099999999999994 1.570796
3.2000000000000015 6.099999999999994 1.570796
3.2000000000000015 6.111099999999994 1.570796
3.2000000000000015 6.122199999999994 1.570796
3.2000000000000015 6.133299999999994 1.570796
3.2000000000000015 6.144399999999995 1.570796
3.2000000000000015 6.155599999999994 1.570796
3.2000000000000015 6.166699999999994 1.570796
3.2000000000000015 6.177799999999994 1.570796
3.2000000000000015 6.188899999999994 1.570796
3.2000000000000015 6.199999999999994 1.570796
3.2000000000000015 6.199999999999994 1.570796
3.2000000000000015 6.211099999999994 1.570796
3.2000000000000015 6.222199999999994 1.570796
3.2000000000000015 6.233299999999994 1.570796
3.2000000000000015 6.244399999999994 1.570796
3.2000000000000015 6.255599999999994 1.570796
3.2000000000000015 6.266699999999994 1.570796
3.2000000000000015 6.277799999999994 1.570796
3.2000000000000015 6.288899999999994 1.570796
3.2000000000000015 6.299999999999994 1.570796
3.2000000000000015 6.299999999999994 1.570796
3.2000000000000015 6.3110999999999935 1.570796
3.2000000000000015 6.322199999999993 1.570796
3.2000000000000015 6.333299999999993 1.570796
3.2000000000000015 6.344399999999994 1.570796
3.2000000000000015 6.355599999999994 1.570796
3.2000000000000015 6.366699999999994 1.570796
3.2000000000000015 6.3777999999999935 1.570796
3.2000000000000015 6.388899999999993 1.570796
3.2000000000000015 6.399999999999993 1.570796
3.2000000000000015 6.399999999999993 1.570796
3.2000000000000015 6.411099999999993 1.570796
3.2000000000000015 6.422199999999993 1.570796
3.2000000000000015 6.433299999999993 1.570796
3.2000000000000015 6.444399999999994 1.570796
3.2000000000000015 6.455599999999993 1.570796
3.2000000000000015 6.466699999999993 1.570796
3.2000000000000015 6.477799999999993 1.570796
3.2000000000000015 6.488899999999993 1.570796
3.2000000000000015 6.499999999999993 1.570796
3.2000000000000015 6.499999999999993 1.570796
3.2000000000000015 6.511099999999993 1.570796
3.2000000000000015 6.522199999999993 1.570796
3.2000000000000015 6.533299999999993 1.570796
3.2000000000000015 6.544399999999993 1.570796
3.2000000000000015 6.555599999999993 1.570796
3.2000000000000015 6.566699999999993 1.570796
3.2000000000000015 6.577799999999993 1.570796
3.2000000000000015 6.588899999999993 1.570796
3.2000000000000015 6.5999999999999925 1.570796
3.2000000000000015 6.5999999999999925 1.570796
3.2000000000000015 6.611099999999992 1.570796
3.2000000000000015 6.622199999999992 1.570796
3.2000000000000015 6.633299999999992 1.570796
3.2000000000000015 6.644399999999993 1.570796
3.2000000000000015 6.655599999999993 1.570796
3.2000000000000015 6.6666999999999925 1.570796
3.2000000000000015 6.677799999999992 1.570796
3.2000000000000015 6.688899999999992 1.570796
3.2000000000000015 6.699999999999992 1.570796
3.2000000000000015 6.699999999999992 1.570796
3.2000000000000015 6.711099999999992 1.570796
3.2000000000000015 6.722199999999992 1.570796
3.2000000000000015 6.733299999999992 1.570796
3.2000000000000015 6.744399999999993 1.570796
3.2000000000000015 6.755599999999992 1.570796
3.2000000000000015 6.766699999999992 1.570796
3.2000000000000015 6.777799999999992 1.570796
3.2000000000000015 6.788899999999992 1.570796
3.2000000000000015 6.799999999999992 1.570796
3.2000000000000015 6.799999999999992 1.570796
3.2000000000000015 6.811099999999992 1.570796
3.2000000000000015 6.822199999999992 1.570796
3.2000000000000015 6.8332999999999915 1.570796
3.2000000000000015 6.844399999999992 1.570796
3.2000000000000015 6.855599999999992 1.570796
3.2000000000000015 6.866699999999992 1.570796
3.2000000000000015 6.877799999999992 1.570796
3.2000000000000015 6.888899999999992 1.570796
3.2000000000000015 6.8999999999999915 1.570796
3.2000000000000015 6.8999999999999915 1.570796
3.2000000000000015 6.911099999999991 1.570796
3.2000000000000015 6.922199999999991 1.570796
3.2000000000000015 6.933299999999991 1.570796
3.2000000000000015 6.944399999999992 1.570796
3.2000000000000015 6.955599999999992 1.570796
3.2000000000000015 6.9666999999999915 1.570796
3.2000000000000015 6.977799999999991 1.570796
3.2000000000000015 6.988899999999991 1.570796
3.2000000000000015 6.999999999999991 1.570796
3.2000000000000015 6.999999999999991 1.570796
3.2000000000000015 7.011099999999991 1.570796
3.2000000000000015 7.022199999999991 1.570796
3.2000000000000015 7.033299999999991 1.570796
3.2000000000000015 7.044399999999992 1.570796
3.2000000000000015 7.055599999999991 1.570796
3.2000000000000015 7.066699999999991 1.570796
3.2000000000000015 7.077799999999991 1.570796
3.2000000000000015 7.088899999999991 1.570796
3.2000000000000015 7.099999999999991 1.570796
3.2000000000000015 7.099999999999991 1.570796
3.2000000000000015 7.111099999999991 1.570796
3.2000000000000015 7.1221999999999905 1.570796
3.2000000000000015 7.13329999999999 1.570796
3.2000000000000015 7.144399999999991 1.570796
3.2000000000000015 7.155599999999991 1.570796
3.2000000000000015 7.166699999999991 1.570796
3.2000000000000015 7.177799999999991 1.570796
3.2000000000000015 7.1888999999999905 1.570796
3.2000000000000015 7.19999999999999 1.570796
3.2000000000000015 7.19999999999999 1.570796
3.2000000000000015 7.21109999999999 1.570796
3.2000000000000015 7.22219999999999 1.570796
3.2000000000000015 7.23329999999999 1.570796
3.2000000000000015 7.244399999999991 1.570796
3.2000000000000015 7.2555999999999905 1.570796
3.2000000000000015 7.26669999999999 1.570796
3.2000000000000015 7.27779999999999 1.570796
3.2000000000000015 7.28889999999999 1.570796
3.2000000000000015 7.29999999999999 1.570796
3.2000000000000015 7.29999999999999 1.570796
3.2000000000000015 7.31109999999999 1.570796
3.2000000000000015 7.32219999999999 1.570796
3.2000000000000015 7.33329999999999 1.570796
3.2000000000000015 7.3443999999999905 1.570796
3.2000000000000015 7.35559999999999 1.570796
3.2000000000000015 7.36669999999999 1.570796
3.2000000000000015 7.37779999999999 1.570796
3.2000000000000015 7.38889999999999 1.570796
3.2000000000000015 7.39999999999999 1.570796
3.2000000000000015 7.39999999999999 1.570796
3.2000000000000015 7.41109999999999 1.570796
3.2000000000000015 7.4221999999999895 1.570796
3.2000000000000015 7.433299999999989 1.570796
3.2000000000000015 7.44439999999999 1.570796
3.2000000000000015 7.45559999999999 1.570796
3.2000000000000015 7.46669999999999 1.570796
3.2000000000000015 7.47779999999999 1.570796
3.2000000000000015 7.4888999999999895 1.570796
3.2000000000000015 7.499999999999989 1.570796
3.2000000000000015 7.499999999999989 1.570796
3.2000000000000015 7.511099999999989 1.570796
3.2000000000000015 7.522199999999989 1.570796
3.2000000000000015 7.533299999999989 1.570796
3.2000000000000015 7.54439999999999 1.570796
3.2000000000000015 7.555599999999989 1.570796
3.2000000000000015 7.566699999999989 1.570796
3.2000000000000015 7.577799999999989 1.570796
3.2000000000000015 7.588899999999989 1.570796
3.2000000000000015 7.599999999999989 1.570796
3.2000000000000015 7.599999999999989 1.570796
3.2000000000000015 7.611099999999989 1.570796
3.2000000000000015 7.622199999999989 1.570796
3.2000000000000015 7.633299999999989 1.570796
3.2000000000000015 7.644399999999989 1.570796
3.2000000000000015 7.655599999999989 1.570796
3.2000000000000015 7.666699999999989 1.570796
3.2000000000000015 7.677799999999989 1.570796
3.2000000000000015 7.688899999999989 1.570796
3.2000000000000015 7.699999999999989 1.570796
3.2000000000000015 7.699999999999989 1.570796
3.2000000000000015 7.7110999999999885 1.570796
3.2000000000000015 7.722199999999988 1.570796
3.2000000000000015 7.733299999999988 1.570796
3.2000000000000015 7.744399999999989 1.570796
3.2000000000000015 7.755599999999989 1.570796
3.2000000000000015 7.766699999999989 1.570796
3.2000000000000015 7.7777999999999885 1.570796
3.2000000000000015 7.788899999999988 1.570796
3.2000000000000015 7.799999999999988 1.570796
3.2000000000000015 7.799999999999988 1.570796
3.2000000000000015 7.811099999999988 1.570796
3.2000000000000015 7.822199999999988 1.570796
3.2000000000000015 7.833299999999988 1.570796
3.2000000000000015 7.844399999999989 1.570796
3.2000000000000015 7.855599999999988 1.570796
3.2000000000000015 7.866699999999988 1.570796
3.2000000000000015 7.877799999999988 1.570796
3.2000000000000015 7.888899999999988 1.570796
3.2000000000000015 7.899999999999988 1.570796
3.2000000000000015 7.899999999999988 1.570796
3.2000000000000015 7.911099999999988 1.570796
3.2000000000000015 7.922199999999988 1.570796
3.2000000000000015 7.933299999999988 1.570796
3.2000000000000015 7.944399999999988 1.570796
3.2000000000000015 7.955599999999988 1.570796
3.2000000000000015 7.966699999999988 1.570796
3.2000000000000015 7.977799999999988 1.570796
3.2000000000000015 7.988899999999988 1.570796
3.2000000000000015 7.999999999999988 1.570796
3.2000000000000015 7.999999999999988 1.570796
3.2000000000000015 8.011099999999988 1.570796
3.2000000000000015 8.022199999999987 1.570796
3.2000000000000015 8.033299999999988 1.570796
3.2000000000000015 8.044399999999987 1.570796
3.2000000000000015 8.055599999999988 1.570796
3.2000000000000015 8.066699999999988 1.570796
3.2000000000000015 8.077799999999987 1.570796
3.2000000000000015 8.088899999999988 1.570796
3.2000000000000015 8.099999999999987 1.570796
3.2000000000000015 8.099999999999987 1.570796
3.2000000000000015 8.111099999999988 1.570796
3.2000000000000015 8.122199999999987 1.570796
3.2000000000000015 8.133299999999988 1.570796
3.2000000000000015 8.144399999999987 1.570796
3.2000000000000015 8.155599999999987 1.570796
3.2000000000000015 8.166699999999988 1.570796
3.2000000000000015 8.177799999999987 1.570796
3.2000000000000015 8.188899999999988 1.570796
3.2000000000000015 8.199999999999987 1.570796
3.2000000000000015 8.199999999999987 1.570796
3.2000000000000015 8.211099999999988 1.570796
3.2000000000000015 8.222199999999987 1.570796
3.2000000000000015 8.233299999999987 1.570796
3.2000000000000015 8.244399999999986 1.570796
3.2000000000000015 8.255599999999987 1.570796
3.2000000000000015 8.266699999999988 1.570796
3.2000000000000015 8.277799999999987 1.570796
3.2000000000000015 8.288899999999988 1.570796
3.2000000000000015 8.299999999999986 1.570796
3.2000000000000015 8.299999999999986 1.570796
3.2000000000000015 8.311099999999987 1.570796
3.2000000000000015 8.322199999999986 1.570796
3.2000000000000015 8.333299999999987 1.570796
3.2000000000000015 8.344399999999986 1.570796
3.2000000000000015 8.355599999999987 1.570796
3.2000000000000015 8.366699999999987 1.570796
3.2000000000000015 8.377799999999986 1.570796
3.2000000000000015 8.388899999999987 1.570796
3.2000000000000015 8.399999999999986 1.570796
3.2000000000000015 8.399999999999986 1.570796
3.2000000000000015 8.411099999999987 1.570796
3.2000000000000015 8.422199999999986 1.570796
3.2000000000000015 8.433299999999987 1.570796
3.2000000000000015 8.444399999999986 1.570796
3.2000000000000015 8.455599999999986 1.570796
3.2000000000000015 8.466699999999987 1.570796
3.2000000000000015 8.477799999999986 1.570796
3.2000000000000015 8.488899999999987 1.570796
3.2000000000000015 8.499999999999986 1.570796
3.2000000000000015 8.499999999999986 1.570796
3.2000000000000015 8.511099999999987 1.570796
3.2000000000000015 8.522199999999986 1.570796
3.2000000000000015 8.533299999999986 1.570796
3.2000000000000015 8.544399999999985 1.570796
3.2000000000000015 8.555599999999986 1.570796
3.2000000000000015 8.566699999999987 1.570796
3.2000000000000015 8.577799999999986 1.570796
3.2000000000000015 8.588899999999986 1.570796
3.2000000000000015 8.599999999999985 1.570796
3.2000000000000015 8.599999999999985 1.570796
3.2000000000000015 8.611099999999986 1.570796
3.2000000000000015 8.622199999999985 1.570796
3.2000000000000015 8.633299999999986 1.570796
3.2000000000000015 8.644399999999985 1.570796
3.2000000000000015 8.655599999999986 1.570796
3.2000000000000015 8.666699999999986 1.570796
3.2000000000000015 8.677799999999985 1.570796
3.2000000000000015 8.688899999999986 1.570796
3.2000000000000015 8.699999999999985 1.570796
3.2000000000000015 8.699999999999985 1.570796
3.2000000000000015 8.711099999999986 1.570796
3.2000000000000015 8.722199999999985 1.570796
3.2000000000000015 8.733299999999986 1.570796
3.2000000000000015 8.744399999999985 1.570796
3.2000000000000015 8.755599999999985 1.570796
3.2000000000000015 8.766699999999986 1.570796
3.2000000000000015 8.777799999999985 1.570796
3.2000000000000015 8.788899999999986 1.570796
3.2000000000000015 8.799999999999985 1.570796
3.2000000000000015 8.799999999999985 1.570796
3.2000000000000015 8.811099999999985 1.570796
3.2000000000000015 8.822199999999984 1.570796
3.2000000000000015 8.833299999999985 1.570796
3.2000000000000015 8.844399999999984 1.570796
3.2000000000000015 8.855599999999985 1.570796
3.2000000000000015 8.866699999999986 1.570796
3.2000000000000015 8.877799999999985 1.570796
3.2000000000000015 8.888899999999985 1.570796
3.2000000000000015 8.899999999999984 1.570796
3.2000000000000015 8.899999999999984 1.570796
3.2000000000000015 8.911099999999985 1.570796
3.2000000000000015 8.922199999999984 1.570796
3.2000000000000015 8.933299999999985 1.570796
3.2000000000000015 8.944399999999984 1.570796
3.2000000000000015 8.955599999999984 1.570796
3.2000000000000015 8.966699999999985 1.570796
3.2000000000000015 8.977799999999984 1.570796
3.2000000000000015 8.988899999999985 1.570796
3.2000000000000015 8.999999999999984 1.570796
3.2000000000000015 8.999999999999984 1.570796
3.2000000000000015 9.011099999999985 1.570796
3.2000000000000015 9.022199999999984 1.570796
3.2000000000000015 9.033299999999985 1.570796
3.2000000000000015 9.044399999999984 1.570796
3.2000000000000015 9.055599999999984 1.570796
3.2000000000000015 9.066699999999985 1.570796
3.2000000000000015 9.077799999999984 1.570796
3.2000000000000015 9.088899999999985 1.570796
3.2000000000000015 9.099999999999984 1.570796
3.2000000000000015 9.099999999999984 1.570796
3.2000000000000015 9.111099999999984 1.570796
3.2000000000000015 9.122199999999983 1.570796
3.2000000000000015 9.133299999999984 1.570796
3.2000000000000015 9.144399999999983 1.570796
3.2000000000000015 9.155599999999984 1.570796
3.2000000000000015 9.166699999999985 1.570796
3.2000000000000015 9.177799999999984 1.570796
3.2000000000000015 9.188899999999984 1.570796
3.2000000000000015 9.199999999999983 1.570796
3.2000000000000015 9.199999999999983 1.570796
3.2000000000000015 9.211099999999984 1.570796
3.2000000000000015 9.222199999999983 1.570796
3.2000000000000015 9.233299999999984 1.570796
3.2000000000000015 9.244399999999983 1.570796
3.2000000000000015 9.255599999999983 1.570796
3.2000000000000015 9.266699999999984 1.570796
3.2000000000000015 9.277799999999983 1.570796
3.2000000000000015 9.288899999999984 1.570796
3.2000000000000015 9.299999999999983 1.570796
3.2000000000000015 9.299999999999983 1.570796
3.2000000000000015 9.311099999999984 1.570796
3.2000000000000015 9.322199999999983 1.570796
3.2000000000000015 9.333299999999983 1.570796
3.2000000000000015 9.344399999999982 1.570796
3.2000000000000015 9.355599999999983 1.570796
3.2000000000000015 9.366699999999984 1.570796
3.2000000000000015 9.377799999999983 1.570796
3.2000000000000015 9.388899999999984 1.570796
3.2000000000000015 9.399999999999983 1.570796
3.2000000000000015 9.399999999999983 1.570796
3.2000000000000015 9.411099999999983 1.570796
3.2000000000000015 9.422199999999982 1.570796
3.2000000000000015 9.433299999999983 1.570796
3.2000000000000015 9.444399999999982 1.570796
3.2000000000000015 9.455599999999983 1.570796
3.2000000000000015 9.466699999999983 1.570796
3.2000000000000015 9.477799999999982 1.570796
3.2000000000000015 9.488899999999983 1.570796
3.2000000000000015 9.499999999999982 1.570796
3.2000000000000015 9.499999999999982 1.570796
3.2000000000000015 9.511099999999983 1.570796
3.2000000000000015 9.522199999999982 1.570796
3.2000000000000015 9.533299999999983 1.570796
3.2000000000000015 9.544399999999982 1.570796
3.2000000000000015 9.555599999999982 1.570796
3.2000000000000015 9.566699999999983 1.570796
3.2000000000000015 9.577799999999982 1.570796
3.2000000000000015 9.588899999999983 1.570796
3.2000000000000015 9.599999999999982 1.570796
3.2000000000000015 9.599999999999982 1.570796
3.2000000000000015 9.611099999999983 1.570796
3.2000000000000015 9.622199999999982 1.570796
3.2000000000000015 9.633299999999982 1.570796
3.2000000000000015 9.644399999999981 1.570796
3.2000000000000015 9.655599999999982 1.570796
3.2000000000000015 9.666699999999983 1.570796
3.2000000000000015 9.677799999999982 1.570796
3.2000000000000015 9.688899999999983 1.570796
3.2000000000000015 9.699999999999982 1.570796
3.2000000000000015 9.699999999999982 1.570796
3.2000000000000015 9.711099999999982 1.570796
3.2000000000000015 9.722199999999981 1.570796
3.2000000000000015 9.733299999999982 1.570796
3.2000000000000015 9.744399999999981 1.570796
3.2000000000000015 9.755599999999982 1.570796
3.2000000000000015 9.766699999999982 1.570796
3.2000000000000015 9.777799999999981 1.570796
3.2000000000000015 9.788899999999982 1.570796
3.2000000000000015 9.799999999999981 1.570796
3.2000000000000015 9.799999999999981 1.570796
3.2000000000000015 9.811099999999982 1.570796
3.2000000000000015 9.822199999999981 1.570796
3.2000000000000015 9.833299999999982 1.570796
3.2000000000000015 9.84439999999998 1.570796
3.2000000000000015 9.855599999999981 1.570796
3.2000000000000015 9.866699999999982 1.570796
3.2000000000000015 9.877799999999981 1.570796
3.2000000000000015 9.888899999999982 1.570796
3.2000000000000015 9.89999999999998 1.570796
3.2000000000000015 9.89999999999998 1.570796
3.2000000000000015 9.911099999999982 1.570796
3.2000000000000015 9.92219999999998 1.570796
3.2000000000000015 9.933299999999981 1.570796
3.2000000000000015 9.94439999999998 1.570796
3.2000000000000015 9.955599999999981 1.570796
3.2000000000000015 9.966699999999982 1.570796
3.2000000000000015 9.97779999999998 1.570796
3.2000000000000015 9.988899999999981 1.570796
3.2000000000000015 9.99999999999998 1.570796
3.2000000000000015 9.99999999999998 1.570796
3.2000000000000015 10.011099999999981 1.570796
3.2000000000000015 10.02219999999998 1.570796
3.2000000000000015 10.033299999999981 1.570796
3.2000000000000015 10.04439999999998 1.570796
3.2000000000000015 10.05559999999998 1.570796
3.2000000000000015 10.066699999999981 1.570796
3.2000000000000015 10.07779999999998 1.570796
3.2000000000000015 10.088899999999981 1.570796
3.2000000000000015 10.09999999999998 1.570796
3.2000000000000015 10.09999999999998 1.570796
3.2000000000000015 10.11109999999998 1.570796
3.2000000000000015 10.12219999999998 1.570796
3.2000000000000015 10.13329999999998 1.570796
3.2000000000000015 10.14439999999998 1.570796
3.2000000000000015 10.15559999999998 1.570796
3.2000000000000015 10.166699999999981 1.570796
3.2000000000000015 10.17779999999998 1.570796
3.2000000000000015 10.18889999999998 1.570796
3.2000000000000015 10.19999999999998 1.570796
3.2000000000000015 10.19999999999998 1.570796
3.2000000000000015 10.21109999999998 1.570796
3.2000000000000015 10.22219999999998 1.570796
3.2000000000000015 10.23329999999998 1.570796
3.2000000000000015 10.24439999999998 1.570796
3.2000000000000015 10.25559999999998 1.570796
3.2000000000000015 10.26669999999998 1.570796
3.2000000000000015 10.27779999999998 1.570796
3.2000000000000015 10.28889999999998 1.570796
3.2000000000000015 10.29999999999998 1.570796
3.2000000000000015 10.29999999999998 1.570796
3.2000000000000015 10.31109999999998 1.570796
3.2000000000000015 10.32219999999998 1.570796
3.2000000000000015 10.33329999999998 1.570796
3.2000000000000015 10.344399999999979 1.570796
3.2000000000000015 10.35559999999998 1.570796
3.2000000000000015 10.36669999999998 1.570796
3.2000000000000015 10.37779999999998 1.570796
3.2000000000000015 10.38889999999998 1.570796
3.2000000000000015 10.399999999999979 1.570796
3.2000000000000015 10.399999999999979 1.570796
3.2000000000000015 10.41109999999998 1.570796
3.2000000000000015 10.422199999999979 1.570796
3.2000000000000015 10.43329999999998 1.570796
3.2000000000000015 10.444399999999979 1.570796
3.2000000000000015 10.45559999999998 1.570796
3.2000000000000015 10.46669999999998 1.570796
3.2000000000000015 10.477799999999979 1.570796
3.2000000000000015 10.48889999999998 1.570796
3.2000000000000015 10.499999999999979 1.570796
3.2000000000000015 10.499999999999979 1.570796
3.2000000000000015 10.51109999999998 1.570796
3.2000000000000015 10.522199999999978 1.570796
3.2000000000000015 10.53329999999998 1.570796
3.2000000000000015 10.544399999999978 1.570796
3.2000000000000015 10.555599999999979 1.570796
3.2000000000000015 10.56669999999998 1.570796
3.2000000000000015 10.577799999999979 1.570796
3.2000000000000015 10.58889999999998 1.570796
3.2000000000000015 10.599999999999978 1.570796
3.2000000000000015 10.599999999999978 1.570796
3.2000000000000015 10.611099999999979 1.570796
3.2000000000000015 10.622199999999978 1.570796
3.2000000000000015 10.633299999999979 1.570796
3.2000000000000015 10.644399999999978 1.570796
3.2000000000000015 10.655599999999978 1.570796
3.2000000000000015 10.66669999999998 1.570796
3.2000000000000015 10.677799999999978 1.570796
3.2000000000000015 10.688899999999979 1.570796
3.2000000000000015 10.699999999999978 1.570796
3.2000000000000015 10.699999999999978 1.570796
3.2000000000000015 10.711099999999979 1.570796
3.2000000000000015 10.722199999999978 1.570796
3.2000000000000015 10.733299999999979 1.570796
3.2000000000000015 10.744399999999978 1.570796
3.2000000000000015 10.755599999999978 1.570796
3.2000000000000015 10.766699999999979 1.570796
3.2000000000000015 10.777799999999978 1.570796
3.2000000000000015 10.788899999999979 1.570796
3.2000000000000015 10.799999999999978 1.570796
3.2000000000000015 10.799999999999978 1.570796
3.2000000000000015 10.811099999999978 1.570796
3.2000000000000015 10.822199999999977 1.570796
3.2000000000000015 10.833299999999978 1.570796
3.2000000000000015 10.844399999999977 1.570796
3.2000000000000015 10.855599999999978 1.570796
3.2000000000000015 10.866699999999978 1.570796
3.2000000000000015 10.877799999999977 1.570796
3.2000000000000015 10.888899999999978 1.570796
3.2000000000000015 10.899999999999977 1.570796
3.2000000000000015 10.899999999999977 1.570796
3.2000000000000015 10.911099999999978 1.570796
3.2000000000000015 10.922199999999977 1.570796
3.2000000000000015 10.933299999999978 1.570796
3.2000000000000015 10.944399999999977 1.570796
3.2000000000000015 10.955599999999977 1.570796
3.2000000000000015 10.966699999999978 1.570796
3.2000000000000015 10.977799999999977 1.570796
3.2000000000000015 10.988899999999978 1.570796
3.2000000000000015 10.999999999999977 1.570796
3.2000000000000015 10.999999999999977 1.570796
3.2000000000000015 10.999999999999977 1.396263
3.2000000000000015 10.999999999999977 1.221731
3.2000000000000015 10.999999999999977 1.047198
3.2000000000000015 10.999999999999977 0.872665
3.2000000000000015 10.999999999999977 0.698132
3.2000000000000015 10.999999999999977 0.523599
3.2000000000000015 10.999999999999977 0.349066
3.2000000000000015 10.999999999999977 0.174533
3.2000000000000015 10.999999999999977 0.0
3.2000000000000015 10.999999999999977 0.0
3.2111000000000014 10.999999999999977 0.0
3.2222000000000017 10.999999999999977 0.0
3.2333000000000016 10.999999999999977 0.0
3.2444000000000015 10.999999999999977 0.0
3.2556000000000016 10.999999999999977 0.0
3.2667000000000015 10.999999999999977 0.0
3.2778000000000014 10.999999999999977 0.0
3.2889000000000017 10.999999999999977 0.0
3.3000000000000016 10.999999999999977 0.0
3.3000000000000016 10.999999999999977 0.0
3.3111000000000015 10.999999999999977 0.0
3.322200000000002 10.999999999999977 0.0
3.3333000000000017 10.999999999999977 0.0
3.3444000000000016 10.999999999999977 0.0
3.3556000000000017 10.999999999999977 0.0
3.3667000000000016 10.999999999999977 0.0
3.3778000000000015 10.999999999999977 0.0
3.388900000000002 10.999999999999977 0.0
3.4000000000000017 10.999999999999977 0.0
3.4000000000000017 10.999999999999977 0.0
3.4111000000000016 10.999999999999977 0.0
3.422200000000002 10.999999999999977 0.0
3.433300000000002 10.999999999999977 0.0
3.4444000000000017 10.999999999999977 0.0
3.455600000000002 10.999999999999977 0.0
3.4667000000000017 10.999999999999977 0.0
3.4778000000000016 10.999999999999977 0.0
3.488900000000002 10.999999999999977 0.0
3.5000000000000018 10.999999999999977 0.0
3.5000000000000018 10.999999999999977 0.0
3.5111000000000017 10.999999999999977 0.0
3.522200000000002 10.999999999999977 0.0
3.533300000000002 10.999999999999977 0.0
3.5444000000000018 10.999999999999977 0.0
3.555600000000002 10.999999999999977 0.0
3.5667000000000018 10.999999999999977 0.0
3.5778000000000016 10.999999999999977 0.0
3.588900000000002 10.999999999999977 0.0
3.600000000000002 10.999999999999977 0.0
3.600000000000002 10.999999999999977 0.0
3.6111000000000018 10.999999999999977 0.0
3.622200000000002 10.999999999999977 0.0
3.633300000000002 10.999999999999977 0.0
3.644400000000002 10.999999999999977 0.0
3.655600000000002 10.999999999999977 0.0
3.666700000000002 10.999999999999977 0.0
3.6778000000000017 10.999999999999977 0.0
3.688900000000002 10.999999999999977 0.0
3.700000000000002 10.999999999999977 0.0
3.700000000000002 10.999999999999977 0.0
3.711100000000002 10.999999999999977 0.0
3.722200000000002 10.999999999999977 0.0
3.733300000000002 10.999999999999977 0.0
3.744400000000002 10.999999999999977 0.0
3.755600000000002 10.999999999999977 0.0
3.766700000000002 10.999999999999977 0.0
3.777800000000002 10.999999999999977 0.0
3.788900000000002 10.999999999999977 0.0
3.800000000000002 10.999999999999977 0.0
3.800000000000002 10.999999999999977 0.0
3.811100000000002 10.999999999999977 0.0
3.8222000000000023 10.999999999999977 0.0
3.833300000000002 10.999999999999977 0.0
3.844400000000002 10.999999999999977 0.0
3.855600000000002 10.999999999999977 0.0
3.866700000000002 10.999999999999977 0.0
3.877800000000002 10.999999999999977 0.0
3.8889000000000022 10.999999999999977 0.0
3.900000000000002 10.999999999999977 0.0
3.900000000000002 10.999999999999977 0.0
3.911100000000002 10.999999999999977 0.0
3.9222000000000024 10.999999999999977 0.0
3.9333000000000022 10.999999999999977 0.0
3.944400000000002 10.999999999999977 0.0
3.9556000000000022 10.999999999999977 0.0
3.966700000000002 10.999999999999977 0.0
3.977800000000002 10.999999999999977 0.0
3.9889000000000023 10.999999999999977 0.0
4.000000000000002 10.999999999999977 0.0
4.000000000000002 10.999999999999977 0.0
4.011100000000002 10.999999999999977 0.0
4.0222000000000016 10.999999999999977 0.0
4.033300000000001 10.999999999999977 0.0
4.044400000000002 10.999999999999977 0.0
4.055600000000002 10.999999999999977 0.0
4.066700000000002 10.999999999999977 0.0
4.077800000000002 10.999999999999977 0.0
4.0889000000000015 10.999999999999977 0.0
4.100000000000001 10.999999999999977 0.0
4.100000000000001 10.999999999999977 0.0
4.111100000000001 10.999999999999977 0.0
4.122200000000001 10.999999999999977 0.0
4.133300000000001 10.999999999999977 0.0
4.144400000000002 10.999999999999977 0.0
4.1556000000000015 10.999999999999977 0.0
4.166700000000001 10.999999999999977 0.0
4.177800000000001 10.999999999999977 0.0
4.188900000000001 10.999999999999977 0.0
4.200000000000001 10.999999999999977 0.0
4.200000000000001 10.999999999999977 0.0
4.211100000000001 10.999999999999977 0.0
4.222200000000001 10.999999999999977 0.0
4.233300000000001 10.999999999999977 0.0
4.2444000000000015 10.999999999999977 0.0
4.255600000000001 10.999999999999977 0.0
4.266700000000001 10.999999999999977 0.0
4.277800000000001 10.999999999999977 0.0
4.288900000000001 10.999999999999977 0.0
4.300000000000001 10.999999999999977 0.0
4.300000000000001 10.999999999999977 0.0
4.311100000000001 10.999999999999977 0.0
4.3222000000000005 10.999999999999977 0.0
4.3333 10.999999999999977 0.0
4.344400000000001 10.999999999999977 0.0
4.355600000000001 10.999999999999977 0.0
4.366700000000001 10.999999999999977 0.0
4.377800000000001 10.999999999999977 0.0
4.3889000000000005 10.999999999999977 0.0
4.4 10.999999999999977 0.0
4.4 10.999999999999977 0.0
4.4111 10.999999999999977 0.0
4.4222 10.999999999999977 0.0
4.4333 10.999999999999977 0.0
4.444400000000001 10.999999999999977 0.0
4.4556000000000004 10.999999999999977 0.0
4.4667 10.999999999999977 0.0
4.4778 10.999999999999977 0.0
4.4889 10.999999999999977 0.0
4.5 10.999999999999977 0.0
4.5 10.999999999999977 0.0
4.5111 10.999999999999977 0.0
4.5222 10.999999999999977 0.0
4.5333 10.999999999999977 0.0
4.5444 10.999999999999977 0.0
4.5556 10.999999999999977 0.0
4.5667 10.999999999999977 0.0
4.5778 10.999999999999977 0.0
4.5889 10.999999999999977 0.0
4.6 10.999999999999977 0.0
4.6 10.999999999999977 0.0
4.6110999999999995 10.999999999999977 0.0
4.622199999999999 10.999999999999977 0.0
4.633299999999999 10.999999999999977 0.0
4.6444 10.999999999999977 0.0
4.6556 10.999999999999977 0.0
4.6667 10.999999999999977 0.0
4.6777999999999995 10.999999999999977 0.0
4.688899999999999 10.999999999999977 0.0
4.699999999999999 10.999999999999977 0.0
4.699999999999999 10.999999999999977 0.0
4.711099999999999 10.999999999999977 0.0
4.722199999999999 10.999999999999977 0.0
4.733299999999999 10.999999999999977 0.0
4.7444 10.999999999999977 0.0
4.755599999999999 10.999999999999977 0.0
4.766699999999999 10.999999999999977 0.0
4.777799999999999 10.999999999999977 0.0
4.788899999999999 10.999999999999977 0.0
4.799999999999999 10.999999999999977 0.0
4.799999999999999 10.999999999999977 0.0
4.811099999999999 10.999999999999977 0.0
4.822199999999999 10.999999999999977 0.0
4.833299999999999 10.999999999999977 0.0
4.844399999999999 10.999999999999977 0.0
4.855599999999999 10.999999999999977 0.0
4.866699999999999 10.999999999999977 0.0
4.877799999999999 10.999999999999977 0.0
4.888899999999999 10.999999999999977 0.0
4.899999999999999 10.999999999999977 0.0
4.899999999999999 10.999999999999977 0.0
4.9110999999999985 10.999999999999977 0.0
4.922199999999998 10.999999999999977 0.0
4.933299999999998 10.999999999999977 0.0
4.944399999999999 10.999999999999977 0.0
4.955599999999999 10.999999999999977 0.0
4.966699999999999 10.999999999999977 0.0
4.9777999999999984 10.999999999999977 0.0
4.988899999999998 10.999999999999977 0.0
4.999999999999998 10.999999999999977 0.0
4.999999999999998 10.999999999999977 0.0
5.011099999999998 10.999999999999977 0.0
5.022199999999998 10.999999999999977 0.0
5.033299999999998 10.999999999999977 0.0
5.044399999999999 10.999999999999977 0.0
5.055599999999998 10.999999999999977 0.0
5.066699999999998 10.999999999999977 0.0
5.077799999999998 10.999999999999977 0.0
5.088899999999998 10.999999999999977 0.0
5.099999999999998 10.999999999999977 0.0
5.099999999999998 10.999999999999977 0.0
5.111099999999998 10.999999999999977 0.0
5.122199999999998 10.999999999999977 0.0
5.1332999999999975 10.999999999999977 0.0
5.144399999999998 10.999999999999977 0.0
5.155599999999998 10.999999999999977 0.0
5.166699999999998 10.999999999999977 0.0
5.177799999999998 10.999999999999977 0.0
5.188899999999998 10.999999999999977 0.0
5.1999999999999975 10.999999999999977 0.0
5.1999999999999975 10.999999999999977 0.0
5.211099999999997 10.999999999999977 0.0
5.222199999999997 10.999999999999977 0.0
5.233299999999997 10.999999999999977 0.0
5.244399999999998 10.999999999999977 0.0
5.255599999999998 10.999999999999977 0.0
5.2666999999999975 10.999999999999977 0.0
5.277799999999997 10.999999999999977 0.0
5.288899999999997 10.999999999999977 0.0
5.299999999999997 10.999999999999977 0.0
5.299999999999997 10.999999999999977 0.0
5.311099999999997 10.999999999999977 0.0
5.322199999999997 10.999999999999977 0.0
5.333299999999997 10.999999999999977 0.0
5.344399999999998 10.999999999999977 0.0
5.355599999999997 10.999999999999977 0.0
5.366699999999997 10.999999999999977 0.0
5.377799999999997 10.999999999999977 0.0
5.388899999999997 10.999999999999977 0.0
5.399999999999997 10.999999999999977 0.0
5.399999999999997 10.999999999999977 0.0
5.411099999999997 10.999999999999977 0.0
5.422199999999997 10.999999999999977 0.0
5.4332999999999965 10.999999999999977 0.0
5.444399999999997 10.999999999999977 0.0
5.455599999999997 10.999999999999977 0.0
5.466699999999997 10.999999999999977 0.0
5.477799999999997 10.999999999999977 0.0
5.488899999999997 10.999999999999977 0.0
5.4999999999999964 10.999999999999977 0.0
5.4999999999999964 10.999999999999977 0.0
5.511099999999996 10.999999999999977 0.0
5.522199999999996 10.999999999999977 0.0
5.533299999999996 10.999999999999977 0.0
5.544399999999997 10.999999999999977 0.0
5.5555999999999965 10.999999999999977 0.0
5.566699999999996 10.999999999999977 0.0
5.577799999999996 10.999999999999977 0.0
5.588899999999996 10.999999999999977 0.0
5.599999999999996 10.999999999999977 0.0
5.599999999999996 10.999999999999977 0.0
5.611099999999996 10.999999999999977 0.0
5.622199999999996 10.999999999999977 0.0
5.633299999999996 10.999999999999977 0.0
5.6443999999999965 10.999999999999977 0.0
5.655599999999996 10.999999999999977 0.0
5.666699999999996 10.999999999999977 0.0
5.677799999999996 10.999999999999977 0.0
5.688899999999996 10.999999999999977 0.0
5.699999999999996 10.999999999999977 0.0
5.699999999999996 10.999999999999977 0.0
5.711099999999996 10.999999999999977 0.0
5.7221999999999955 10.999999999999977 0.0
5.733299999999995 10.999999999999977 0.0
5.744399999999996 10.999999999999977 0.0
5.755599999999996 10.999999999999977 0.0
5.766699999999996 10.999999999999977 0.0
5.777799999999996 10.999999999999977 0.0
5.7888999999999955 10.999999999999977 0.0
5.799999999999995 10.999999999999977 0.0
5.799999999999995 10.999999999999977 0.0
5.811099999999995 10.999999999999977 0.0
5.822199999999995 10.999999999999977 0.0
5.833299999999995 10.999999999999977 0.0
5.844399999999996 10.999999999999977 0.0
5.8555999999999955 10.999999999999977 0.0
5.866699999999995 10.999999999999977 0.0
5.877799999999995 10.999999999999977 0.0
5.888899999999995 10.999999999999977 0.0
5.899999999999995 10.999999999999977 0.0
5.899999999999995 10.999999999999977 0.0
5.911099999999995 10.999999999999977 0.0
5.922199999999995 10.999999999999977 0.0
5.933299999999995 10.999999999999977 0.0
5.9443999999999955 10.999999999999977 0.0
5.955599999999995 10.999999999999977 0.0
5.966699999999995 10.999999999999977 0.0
5.977799999999995 10.999999999999977 0.0
5.988899999999995 10.999999999999977 0.0
5.999999999999995 10.999999999999977 0.0
5.999999999999995 10.999999999999977 0.0
6.011099999999995 10.999999999999977 0.0
6.0221999999999944 10.999999999999977 0.0
6.033299999999994 10.999999999999977 0.0
6.044399999999995 10.999999999999977 0.0
6.055599999999995 10.999999999999977 0.0
6.066699999999995 10.999999999999977 0.0
6.0777999999999945 10.999999999999977 0.0
6.088899999999994 10.999999999999977 0.0
6.099999999999994 10.999999999999977 0.0
6.099999999999994 10.999999999999977 0.0
6.111099999999994 10.999999999999977 0.0
6.122199999999994 10.999999999999977 0.0
6.133299999999994 10.999999999999977 0.0
6.144399999999995 10.999999999999977 0.0
6.155599999999994 10.999999999999977 0.0
6.166699999999994 10.999999999999977 0.0
6.177799999999994 10.999999999999977 0.0
6.188899999999994 10.999999999999977 0.0
6.199999999999994 10.999999999999977 0.0
6.199999999999994 10.999999999999977 0.0
6.211099999999994 10.999999999999977 0.0
6.222199999999994 10.999999999999977 0.0
6.233299999999994 10.999999999999977 0.0
6.244399999999994 10.999999999999977 0.0
6.255599999999994 10.999999999999977 0.0
6.266699999999994 10.999999999999977 0.0
6.277799999999994 10.999999999999977 0.0
6.288899999999994 10.999999999999977 0.0
6.299999999999994 10.999999999999977 0.0
6.299999999999994 10.999999999999977 0.0
6.3110999999999935 10.999999999999977 0.0
6.322199999999993 10.999999999999977 0.0
6.333299999999993 10.999999999999977 0.0
6.344399999999994 10.999999999999977 0.0
6.355599999999994 10.999999999999977 0.0
6.366699999999994 10.999999999999977 0.0
6.3777999999999935 10.999999999999977 0.0
6.388899999999993 10.999999999999977 0.0
6.399999999999993 10.999999999999977 0.0
6.399999999999993 10.999999999999977 0.0
6.411099999999993 10.999999999999977 0.0
6.422199999999993 10.999999999999977 0.0
6.433299999999993 10.999999999999977 0.0
6.444399999999994 10.999999999999977 0.0
6.455599999999993 10.999999999999977 0.0
6.466699999999993 10.999999999999977 0.0
6.477799999999993 10.999999999999977 0.0
6.488899999999993 10.999999999999977 0.0
6.499999999999993 10.999999999999977 0.0
6.499999999999993 10.999999999999977 0.0
6.511099999999993 10.999999999999977 0.0
6.522199999999993 10.999999999999977 0.0
6.533299999999993 10.999999999999977 0.0
6.544399999999993 10.999999999999977 0.0
6.555599999999993 10.999999999999977 0.0
6.566699999999993 10.999999999999977 0.0
6.577799999999993 10.999999999999977 0.0
6.588899999999993 10.999999999999977 0.0
6.5999999999999925 10.999999999999977 0.0
6.5999999999999925 10.999999999999977 0.0
6.611099999999992 10.999999999999977 0.0
6.622199999999992 10.999999999999977 0.0
6.633299999999992 10.999999999999977 0.0
6.644399999999993 10.999999999999977 0.0
6.655599999999993 10.999999999999977 0.0
6.6666999999999925 10.999999999999977 0.0
6.677799999999992 10.999999999999977 0.0
6.688899999999992 10.999999999999977 0.0
6.699999999999992 10.999999999999977 0.0
6.699999999999992 10.999999999999977 0.0
6.711099999999992 10.999999999999977 0.0
6.722199999999992 10.999999999999977 0.0
6.733299999999992 10.999999999999977 0.0
6.744399999999993 10.999999999999977 0.0
6.755599999999992 10.999999999999977 0.0
6.766699999999992 10.999999999999977 0.0
6.777799999999992 10.999999999999977 0.0
6.788899999999992 10.999999999999977 0.0
6.799999999999992 10.999999999999977 0.0
6.799999999999992 10.999999999999977 0.0
6.811099999999992 10.999999999999977 0.0
6.822199999999992 10.999999999999977 0.0
6.8332999999999915 10.999999999999977 0.0
6.844399999999992 10.999999999999977 0.0
6.855599999999992 10.999999999999977 0.0
6.866699999999992 10.999999999999977 0.0
6.877799999999992 10.999999999999977 0.0
6.888899999999992 10.999999999999977 0.0
6.8999999999999915 10.999999999999977 0.0
6.8999999999999915 10.999999999999977 0.0
6.911099999999991 10.999999999999977 0.0
6.922199999999991 10.999999999999977 0.0
6.933299999999991 10.999999999999977 0.0
6.944399999999992 10.999999999999977 0.0
6.955599999999992 10.999999999999977 0.0
6.9666999999999915 10.999999999999977 0.0
6.977799999999991 10.999999999999977 0.0
6.988899999999991 10.999999999999977 0.0
6.999999999999991 10.999999999999977 0.0
6.999999999999991 10.999999999999977 0.0
7.011099999999991 10.999999999999977 0.0
7.022199999999991 10.999999999999977 0.0
7.033299999999991 10.999999999999977 0.0
7.044399999999992 10.999999999999977 0.0
7.055599999999991 10.999999999999977 0.0
7.066699999999991 10.999999999999977 0.0
7.077799999999991 10.999999999999977 0.0
7.088899999999991 10.999999999999977 0.0
7.099999999999991 10.999999999999977 0.0
7.099999999999991 10.999999999999977 0.0
7.111099999999991 10.999999999999977 0.0
7.1221999999999905 10.999999999999977 0.0
7.13329999999999 10.999999999999977 0.0
7.144399999999991 10.999999999999977 0.0
7.155599999999991 10.999999999999977 0.0
7.166699999999991 10.999999999999977 0.0
7.177799999999991 10.999999999999977 0.0
7.1888999999999905 10.999999999999977 0.0
7.19999999999999 10.999999999999977 0.0
7.19999999999999 10.999999999999977 0.0
7.21109999999999 10.999999999999977 0.0
7.22219999999999 10.999999999999977 0.0
7.23329999999999 10.999999999999977 0.0
7.244399999999991 10.999999999999977 0.0
7.2555999999999905 10.999999999999977 0.0
7.26669999999999 10.999999999999977 0.0
7.27779999999999 10.999999999999977 0.0
7.28889999999999 10.999999999999977 0.0
7.29999999999999 10.999999999999977 0.0
7.29999999999999 10.999999999999977 0.0
7.31109999999999 10.999999999999977 0.0
7.32219999999999 10.999999999999977 0.0
7.33329999999999 10.999999999999977 0.0
7.3443999999999905 10.999999999999977 0.0
7.35559999999999 10.999999999999977 0.0
7.36669999999999 10.999999999999977 0.0
7.37779999999999 10.999999999999977 0.0
7.38889999999999 10.999999999999977 0.0
7.39999999999999 10.999999999999977 0.0
7.39999999999999 10.999999999999977 0.0
7.41109999999999 10.999999999999977 0.0
7.4221999999999895 10.999999999999977 0.0
7.433299999999989 10.999999999999977 0.0
7.44439999999999 10.999999999999977 0.0
7.45559999999999 10.999999999999977 0.0
7.46669999999999 10.999999999999977 0.0
7.47779999999999 10.999999999999977 0.0
7.4888999999999895 10.999999999999977 0.0
7.499999999999989 10.999999999999977 0.0
7.499999999999989 10.999999999999977 0.0
7.511099999999989 10.999999999999977 0.0
7.522199999999989 10.999999999999977 0.0
7.533299999999989 10.999999999999977 0.0
7.54439999999999 10.999999999999977 0.0
7.555599999999989 10.999999999999977 0.0
7.566699999999989 10.999999999999977 0.0
7.577799999999989 10.999999999999977 0.0
7.588899999999989 10.999999999999977 0.0
7.599999999999989 10.999999999999977 0.0
7.599999999999989 10.999999999999977 0.0
7.611099999999989 10.999999999999977 0.0
7.622199999999989 10.999999999999977 0.0
7.633299999999989 10.999999999999977 0.0
7.644399999999989 10.999999999999977 0.0
7.655599999999989 10.999999999999977 0.0
7.666699999999989 10.999999999999977 0.0
7.677799999999989 10.999999999999977 0.0
7.688899999999989 10.999999999999977 0.0
7.699999999999989 10.999999999999977 0.0
7.699999999999989 10.999999999999977 0.0
7.7110999999999885 10.999999999999977 0.0
7.722199999999988 10.999999999999977 0.0
7.733299999999988 10.999999999999977 0.0
7.744399999999989 10.999999999999977 0.0
7.755599999999989 10.999999999999977 0.0
7.766699999999989 10.999999999999977 0.0
7.7777999999999885 10.999999999999977 0.0
7.788899999999988 10.999999999999977 0.0
7.799999999999988 10.999999999999977 0.0
7.799999999999988 10.999999999999977 0.0
7.811099999999988 10.999999999999977 0.0
7.822199999999988 10.999999999999977 0.0
7.833299999999988 10.999999999999977 0.0
7.844399999999989 10.999999999999977 0.0
7.855599999999988 10.999999999999977 0.0
7.866699999999988 10.999999999999977 0.0
7.877799999999988 10.999999999999977 0.0
7.888899999999988 10.999999999999977 0.0
7.899999999999988 10.999999999999977 0.0
7.899999999999988 10.999999999999977 0.0
7.911099999999988 10.999999999999977 0.0
7.922199999999988 10.999999999999977 0.0
7.933299999999988 10.999999999999977 0.0
7.944399999999988 10.999999999999977 0.0
7.955599999999988 10.999999999999977 0.0
7.966699999999988 10.999999999999977 0.0
7.977799999999988 10.999999999999977 0.0
7.988899999999988 10.999999999999977 0.0
7.999999999999988 10.999999999999977 0.0
7.999999999999988 10.999999999999977 0.0
8.011099999999988 10.999999999999977 0.0
8.022199999999987 10.999999999999977 0.0
8.033299999999988 10.999999999999977 0.0
8.044399999999987 10.999999999999977 0.0
8.055599999999988 10.999999999999977 0.0
8.066699999999988 10.999999999999977 0.0
8.077799999999987 10.999999999999977 0.0
8.088899999999988 10.999999999999977 0.0
8.099999999999987 10.999999999999977 0.0
8.099999999999987 10.999999999999977 0.0
8.111099999999988 10.999999999999977 0.0
8.122199999999987 10.999999999999977 0.0
8.133299999999988 10.999999999999977 0.0
8.144399999999987 10.999999999999977 0.0
8.155599999999987 10.999999999999977 0.0
8.166699999999988 10.999999999999977 0.0
8.177799999999987 10.999999999999977 0.0
8.188899999999988 10.999999999999977 0.0
8.199999999999987 10.999999999999977 0.0
8.199999999999987 10.999999999999977 0.0
8.211099999999988 10.999999999999977 0.0
8.222199999999987 10.999999999999977 0.0
8.233299999999987 10.999999999999977 0.0
8.244399999999986 10.999999999999977 0.0
8.255599999999987 10.999999999999977 0.0
8.266699999999988 10.999999999999977 0.0
8.277799999999987 10.999999999999977 0.0
8.288899999999988 10.999999999999977 0.0
8.299999999999986 10.999999999999977 0.0
8.299999999999986 10.999999999999977 0.0
8.311099999999987 10.999999999999977 0.0
8.322199999999986 10.999999999999977 0.0
8.333299999999987 10.999999999999977 0.0
8.344399999999986 10.999999999999977 0.0
8.355599999999987 10.999999999999977 0.0
8.366699999999987 10.999999999999977 0.0
8.377799999999986 10.999999999999977 0.0
8.388899999999987 10.999999999999977 0.0
8.399999999999986 10.999999999999977 0.0
8.399999999999986 10.999999999999977 0.0
8.411099999999987 10.999999999999977 0.0
8.422199999999986 10.999999999999977 0.0
8.433299999999987 10.999999999999977 0.0
8.444399999999986 10.999999999999977 0.0
8.455599999999986 10.999999999999977 0.0
8.466699999999987 10.999999999999977 0.0
8.477799999999986 10.999999999999977 0.0
8.488899999999987 10.999999999999977 0.0
8.499999999999986 10.999999999999977 0.0
8.499999999999986 10.999999999999977 0.0
8.511099999999987 10.999999999999977 0.0
8.522199999999986 10.999999999999977 0.0
8.533299999999986 10.999999999999977 0.0
8.544399999999985 10.999999999999977 0.0
8.555599999999986 10.999999999999977 0.0
8.566699999999987 10.999999999999977 0.0
8.577799999999986 10.999999999999977 0.0
8.588899999999986 10.999999999999977 0.0
8.599999999999985 10.999999999999977 0.0
8.599999999999985 10.999999999999977 0.0
8.611099999999986 10.999999999999977 0.0
8.622199999999985 10.999999999999977 0.0
8.633299999999986 10.999999999999977 0.0
8.644399999999985 10.999999999999977 0.0
8.655599999999986 10.999999999999977 0.0
8.666699999999986 10.999999999999977 0.0
8.677799999999985 10.999999999999977 0.0
8.688899999999986 10.999999999999977 0.0
8.699999999999985 10.999999999999977 0.0
8.699999999999985 10.999999999999977 0.0
8.711099999999986 10.999999999999977 0.0
8.722199999999985 10.999999999999977 0.0
8.733299999999986 10.999999999999977 0.0
8.744399999999985 10.999999999999977 0.0
8.755599999999985 10.999999999999977 0.0
8.766699999999986 10.999999999999977 0.0
8.777799999999985 10.999999999999977 0.0
8.788899999999986 10.999999999999977 0.0
8.799999999999985 10.999999999999977 0.0
8.799999999999985 10.999999999999977 0.0
8.799999999999985 10.999999999999977 0.174533
8.799999999999985 10.999999999999977 0.349066
8.799999999999985 10.999999999999977 0.523599
8.799999999999985 10.999999999999977 0.698132
8.799999999999985 10.999999999999977 0.872665
8.799999999999985 10.999999999999977 1.047198
8.799999999999985 10.999999999999977 1.221731
8.799999999999985 10.999999999999977 1.396264
8.799999999999985 10.999999999999977 1.570796
8.799999999999985 10.999999999999977 1.570796
8.799999999999985 11.011099999999978 1.570796
8.799999999999985 11.022199999999977 1.570796
8.799999999999985 11.033299999999977 1.570796
8.799999999999985 11.044399999999976 1.570796
8.799999999999985 11.055599999999977 1.570796
8.799999999999985 11.066699999999978 1.570796
8.799999999999985 11.077799999999977 1.570796
8.799999999999985 11.088899999999978 1.570796
8.799999999999985 11.099999999999977 1.570796
8.799999999999985 11.099999999999977 1.570796
8.799999999999985 11.111099999999977 1.570796
8.799999999999985 11.122199999999976 1.570796
8.799999999999985 11.133299999999977 1.570796
8.799999999999985 11.144399999999976 1.570796
8.799999999999985 11.155599999999977 1.570796
8.799999999999985 11.166699999999977 1.570796
8.799999999999985 11.177799999999976 1.570796
8.799999999999985 11.188899999999977 1.570796
8.799999999999985 11.199999999999976 1.570796
8.799999999999985 11.199999999999976 1.570796
8.799999999999985 11.211099999999977 1.570796
8.799999999999985 11.222199999999976 1.570796
8.799999999999985 11.233299999999977 1.570796
8.799999999999985 11.244399999999976 1.570796
8.799999999999985 11.255599999999976 1.570796
8.799999999999985 11.266699999999977 1.570796
8.799999999999985 11.277799999999976 1.570796
8.799999999999985 11.288899999999977 1.570796
8.799999999999985 11.299999999999976 1.570796
8.799999999999985 11.299999999999976 1.570796
8.799999999999985 11.311099999999977 1.570796
8.799999999999985 11.322199999999976 1.570796
8.799999999999985 11.333299999999976 1.570796
8.799999999999985 11.344399999999975 1.570796
8.799999999999985 11.355599999999976 1.570796
8.799999999999985 11.366699999999977 1.570796
8.799999999999985 11.377799999999976 1.570796
8.799999999999985 11.388899999999976 1.570796
8.799999999999985 11.399999999999975 1.570796
8.799999999999985 11.399999999999975 1.570796
8.799999999999985 11.411099999999976 1.570796
8.799999999999985 11.422199999999975 1.570796
8.799999999999985 11.433299999999976 1.570796
8.799999999999985 11.444399999999975 1.570796
8.799999999999985 11.455599999999976 1.570796
8.799999999999985 11.466699999999976 1.570796
8.799999999999985 11.477799999999975 1.570796
8.799999999999985 11.488899999999976 1.570796
8.799999999999985 11.499999999999975 1.570796
8.799999999999985 11.499999999999975 1.570796
8.799999999999985 11.511099999999976 1.570796
8.799999999999985 11.522199999999975 1.570796
8.799999999999985 11.533299999999976 1.570796
8.799999999999985 11.544399999999975 1.570796
8.799999999999985 11.555599999999975 1.570796
8.799999999999985 11.566699999999976 1.570796
8.799999999999985 11.577799999999975 1.570796
8.799999999999985 11.588899999999976 1.570796
8.799999999999985 11.599999999999975 1.570796
8.799999999999985 11.599999999999975 1.570796
8.799999999999985 11.611099999999976 1.570796
8.799999999999985 11.622199999999975 1.570796
8.799999999999985 11.633299999999975 1.570796
8.799999999999985 11.644399999999974 1.570796
8.799999999999985 11.655599999999975 1.570796
8.799999999999985 11.666699999999976 1.570796
8.799999999999985 11.677799999999975 1.570796
8.799999999999985 11.688899999999975 1.570796
8.799999999999985 11.699999999999974 1.570796
8.799999999999985 11.699999999999974 1.570796
8.799999999999985 11.711099999999975 1.570796
8.799999999999985 11.722199999999974 1.570796
8.799999999999985 11.733299999999975 1.570796
8.799999999999985 11.744399999999974 1.570796
8.799999999999985 11.755599999999975 1.570796
8.799999999999985 11.766699999999975 1.570796
8.799999999999985 11.777799999999974 1.570796
8.799999999999985 11.788899999999975 1.570796
8.799999999999985 11.799999999999974 1.570796
8.799999999999985 11.799999999999974 1.570796
8.799999999999985 11.811099999999975 1.570796
8.799999999999985 11.822199999999974 1.570796
8.799999999999985 11.833299999999975 1.570796
8.799999999999985 11.844399999999974 1.570796
8.799999999999985 11.855599999999974 1.570796
8.799999999999985 11.866699999999975 1.570796
8.799999999999985 11.877799999999974 1.570796
8.799999999999985 11.888899999999975 1.570796
8.799999999999985 11.899999999999974 1.570796
8.799999999999985 11.899999999999974 1.570796
8.799999999999985 11.911099999999974 1.570796
8.799999999999985 11.922199999999973 1.570796
8.799999999999985 11.933299999999974 1.570796
8.799999999999985 11.944399999999973 1.570796
8.799999999999985 11.955599999999974 1.570796
8.799999999999985 11.966699999999975 1.570796
8.799999999999985 11.977799999999974 1.570796
8.799999999999985 11.988899999999974 1.570796
8.799999999999985 11.999999999999973 1.570796
